0.0000000000000000e+000 0.0000000000000000e+000 5.2083333333333330e-003
1.3888888888888888e-002 1.3888888888888888e-002 2.4305555555555552e-002
2.7777777777777776e-002 2.7777777777777776e-002 4.3402777777777776e-002
4.1666666666666664e-002 4.1666666666666664e-002 6.2500000000000000e-002
5.5555555555555552e-002 5.5555555555555552e-002 8.1597222222222224e-002
6.9444444444444448e-002 6.9444444444444448e-002 1.0069444444444445e-001
8.3333333333333329e-002 8.3333333333333329e-002 1.1979166666666666e-001
9.7222222222222210e-002 9.7222222222222210e-002 1.3888888888888887e-001
1.1111111111111110e-001 1.1111111111111110e-001 1.5798611111111110e-001
1.2500000000000000e-001 1.2500000000000000e-001 1.7708333333333334e-001
1.3888888888888890e-001 1.3888888888888890e-001 1.9618055555555555e-001
1.5277777777777776e-001 1.5277777777777776e-001 2.1527777777777776e-001
1.6666666666666666e-001 1.6666666666666666e-001 2.3437500000000000e-001
1.8055555555555555e-001 1.8055555555555555e-001 2.5347222222222221e-001
1.9444444444444442e-001 1.9444444444444442e-001 2.7256944444444442e-001
2.0833333333333331e-001 2.0833333333333331e-001 2.9166666666666663e-001
2.2222222222222221e-001 2.2222222222222221e-001 3.1076388888888890e-001
2.3611111111111110e-001 2.3611111111111110e-001 3.2986111111111110e-001
2.5000000000000000e-001 2.5000000000000000e-001 3.4895833333333331e-001
2.6388888888888890e-001 2.6388888888888890e-001 3.6805555555555558e-001
2.7777777777777779e-001 2.7777777777777779e-001 3.8715277777777779e-001
2.9166666666666663e-001 2.9166666666666663e-001 4.0624999999999994e-001
3.0555555555555552e-001 3.0555555555555552e-001 4.2534722222222221e-001
3.1944444444444442e-001 3.1944444444444442e-001 4.4444444444444442e-001
3.3333333333333331e-001 3.3854166666666663e-001 4.5833333333333331e-001
3.4722222222222221e-001 3.5763888888888890e-001 4.7222222222222221e-001
3.6111111111111110e-001 3.7673611111111110e-001 4.8611111111111110e-001
3.7500000000000000e-001 3.9583333333333331e-001 5.0000000000000000e-001
3.8888888888888884e-001 4.1493055555555552e-001 5.1388888888888884e-001
4.0277777777777773e-001 4.3402777777777773e-001 5.2777777777777768e-001
4.1666666666666663e-001 4.5312499999999994e-001 5.4166666666666663e-001
4.3055555555555552e-001 4.7222222222222221e-001 5.5555555555555558e-001
4.4444444444444442e-001 4.9131944444444442e-001 5.6944444444444442e-001
4.5833333333333337e-001 5.1041666666666674e-001 5.8333333333333337e-001
4.7222222222222221e-001 5.2951388888888884e-001 5.9722222222222221e-001
4.8611111111111116e-001 5.4861111111111116e-001 6.1111111111111116e-001
5.0000000000000000e-001 5.6770833333333337e-001 6.2500000000000000e-001
5.1388888888888895e-001 5.8680555555555558e-001 6.3888888888888895e-001
5.2777777777777779e-001 6.0590277777777779e-001 6.5277777777777779e-001
5.4166666666666674e-001 6.2500000000000011e-001 6.6666666666666674e-001
5.5555555555555558e-001 6.4409722222222221e-001 6.8055555555555558e-001
5.6944444444444442e-001 6.6319444444444442e-001 6.9444444444444442e-001
5.8333333333333326e-001 6.8229166666666663e-001 7.0833333333333326e-001
5.9722222222222221e-001 7.0138888888888884e-001 7.2222222222222221e-001
6.1111111111111105e-001 7.2048611111111105e-001 7.3611111111111105e-001
6.2500000000000000e-001 7.3958333333333337e-001 7.5000000000000000e-001
6.3888888888888884e-001 7.5868055555555547e-001 7.6388888888888884e-001
6.5277777777777779e-001 7.7777777777777779e-001 7.7777777777777779e-001
6.7447916666666663e-001 7.9166666666666663e-001 7.9166666666666663e-001
6.9618055555555558e-001 8.0555555555555558e-001 8.0555555555555558e-001
7.1788194444444442e-001 8.1944444444444442e-001 8.1944444444444442e-001
7.3958333333333337e-001 8.3333333333333337e-001 8.3333333333333337e-001
7.6128472222222221e-001 8.4722222222222221e-001 8.4722222222222221e-001
7.8298611111111116e-001 8.6111111111111116e-001 8.6111111111111116e-001
8.0468750000000000e-001 8.7500000000000000e-001 8.7500000000000000e-001
8.2638888888888884e-001 8.8888888888888884e-001 8.8888888888888884e-001
8.4809027777777768e-001 9.0277777777777768e-001 9.0277777777777768e-001
8.6979166666666663e-001 9.1666666666666663e-001 9.1666666666666663e-001
8.9149305555555547e-001 9.3055555555555547e-001 9.3055555555555547e-001
9.1319444444444442e-001 9.4444444444444442e-001 9.4444444444444442e-001
9.3489583333333326e-001 9.5833333333333326e-001 9.5833333333333326e-001
9.5659722222222221e-001 9.7222222222222221e-001 9.7222222222222221e-001
9.7829861111111105e-001 9.8611111111111105e-001 9.8611111111111105e-001
1.0000000000000000e+000 1.0000000000000000e+000 1.0000000000000000e+000
