0.0000000e+000 0.0000000e+000 1.0000000e+000
3.0008527e-002 4.3478262e-002 1.0000000e+000
6.0017053e-002 8.6956523e-002 1.0000000e+000
9.0025581e-002 1.3043478e-001 1.0000000e+000
1.2003411e-001 1.7391305e-001 1.0000000e+000
1.5004262e-001 2.1739130e-001 1.0000000e+000
1.8005116e-001 2.6086956e-001 1.0000000e+000
2.1005969e-001 3.0434781e-001 1.0000000e+000
2.4006821e-001 3.4782609e-001 1.0000000e+000
2.7007672e-001 3.9130434e-001 1.0000000e+000
3.0008525e-001 4.3478259e-001 1.0000000e+000
3.3009377e-001 4.7826087e-001 1.0000000e+000
3.6010233e-001 5.2173913e-001 1.0000000e+000
3.9011085e-001 5.6521738e-001 1.0000000e+000
4.2011937e-001 6.0869563e-001 1.0000000e+000
4.5012790e-001 6.5217394e-001 1.0000000e+000
4.8013642e-001 6.9565219e-001 1.0000000e+000
5.1014495e-001 7.3913044e-001 1.0000000e+000
5.4015344e-001 7.8260869e-001 1.0000000e+000
5.7016200e-001 8.2608694e-001 1.0000000e+000
6.0017049e-001 8.6956519e-001 1.0000000e+000
6.3017905e-001 9.1304350e-001 1.0000000e+000
6.6018754e-001 9.5652175e-001 1.0000000e+000
6.9019610e-001 1.0000000e+000 1.0000000e+000
6.6928107e-001 9.4466233e-001 9.4466233e-001
6.4836603e-001 8.8932461e-001 8.8932461e-001
6.2745100e-001 8.3398694e-001 8.3398694e-001
6.0653597e-001 7.7864927e-001 7.7864927e-001
5.8562094e-001 7.2331154e-001 7.2331154e-001
5.6470591e-001 6.6797388e-001 6.6797388e-001
5.4379088e-001 6.1263621e-001 6.1263621e-001
5.2287585e-001 5.5729848e-001 5.5729848e-001
5.0196081e-001 5.0196081e-001 5.0196081e-001
5.6421572e-001 5.6421572e-001 5.2892160e-001
6.2647063e-001 6.2647063e-001 5.5588239e-001
6.8872553e-001 6.8872553e-001 5.8284318e-001
7.5098038e-001 7.5098038e-001 6.0980392e-001
8.1323528e-001 8.1323528e-001 6.3676471e-001
8.7549019e-001 8.7549019e-001 6.6372550e-001
9.3774509e-001 9.3774509e-001 6.9068629e-001
1.0000000e+000 1.0000000e+000 7.1764708e-001
1.0000000e+000 1.0000000e+000 6.8644506e-001
1.0000000e+000 1.0000000e+000 6.5524298e-001
1.0000000e+000 1.0000000e+000 6.2404096e-001
1.0000000e+000 1.0000000e+000 5.9283888e-001
1.0000000e+000 1.0000000e+000 5.6163687e-001
1.0000000e+000 1.0000000e+000 5.3043479e-001
1.0000000e+000 1.0000000e+000 4.9923274e-001
1.0000000e+000 1.0000000e+000 4.6803069e-001
1.0000000e+000 1.0000000e+000 4.3682864e-001
1.0000000e+000 1.0000000e+000 4.0562660e-001
1.0000000e+000 1.0000000e+000 3.7442455e-001
1.0000000e+000 1.0000000e+000 3.4322253e-001
1.0000000e+000 1.0000000e+000 3.1202048e-001
1.0000000e+000 1.0000000e+000 2.8081843e-001
1.0000000e+000 1.0000000e+000 2.4961637e-001
1.0000000e+000 1.0000000e+000 2.1841432e-001
1.0000000e+000 1.0000000e+000 1.8721227e-001
1.0000000e+000 1.0000000e+000 1.5601024e-001
1.0000000e+000 1.0000000e+000 1.2480818e-001
1.0000000e+000 1.0000000e+000 9.3606137e-002
1.0000000e+000 1.0000000e+000 6.2404092e-002
1.0000000e+000 1.0000000e+000 3.1202046e-002
1.0000000e+000 1.0000000e+000 0.0000000e+000
