0.0000000000000000e+000 6.0784316062927246e-001 9.0196079015731812e-001
1.8300654366612434e-002 6.0392159223556519e-001 8.9227223396301270e-001
3.6601308733224869e-002 6.0000002384185791e-001 8.8258361816406250e-001
5.4901961237192154e-002 5.9607845544815063e-001 8.7289506196975708e-001
7.3202617466449738e-002 5.9215688705444336e-001 8.6320644617080688e-001
9.1503269970417023e-002 5.8823531866073608e-001 8.5351788997650146e-001
1.0980392247438431e-001 5.8431375026702881e-001 8.4382927417755127e-001
1.2810458242893219e-001 5.8039218187332153e-001 8.3414071798324585e-001
1.4640523493289948e-001 5.7647061347961426e-001 8.2445216178894043e-001
1.6470588743686676e-001 5.7254904508590698e-001 8.1476354598999023e-001
1.8300653994083405e-001 5.6862747669219971e-001 8.0507498979568481e-001
2.0130719244480133e-001 5.6470590829849243e-001 7.9538637399673462e-001
2.1960784494876862e-001 5.6078433990478516e-001 7.8569781780242920e-001
2.3790849745273590e-001 5.5686277151107788e-001 7.7600926160812378e-001
2.5620916485786438e-001 5.5294120311737061e-001 7.6632064580917358e-001
2.7450981736183167e-001 5.4901963472366333e-001 7.5663208961486816e-001
2.9281046986579895e-001 5.4509806632995605e-001 7.4694347381591797e-001
3.1111112236976624e-001 5.4117649793624878e-001 7.3725491762161255e-001
3.2941177487373352e-001 5.3725492954254150e-001 7.2756630182266235e-001
3.4771242737770081e-001 5.3333336114883423e-001 7.1787774562835693e-001
3.6601307988166809e-001 5.2941179275512695e-001 7.0818918943405151e-001
3.8431373238563538e-001 5.2549022436141968e-001 6.9850057363510132e-001
4.0261438488960266e-001 5.2156865596771240e-001 6.8881201744079590e-001
4.2091503739356995e-001 5.1764708757400513e-001 6.7912340164184570e-001
4.3921568989753723e-001 5.1372551918029785e-001 6.6943484544754028e-001
4.5751634240150452e-001 5.0980395078659058e-001 6.5974622964859009e-001
4.7581699490547180e-001 5.0588238239288330e-001 6.5005767345428467e-001
4.9411764740943909e-001 5.0196081399917603e-001 6.4036911725997925e-001
5.1241832971572876e-001 4.9803921580314636e-001 6.3068050146102905e-001
5.3071898221969604e-001 4.9411764740943909e-001 6.2099194526672363e-001
5.4901963472366333e-001 4.9019607901573181e-001 6.1130332946777344e-001
5.6732028722763062e-001 4.8627451062202454e-001 6.0161477327346802e-001
5.8562093973159790e-001 4.8235294222831726e-001 5.9192621707916260e-001
6.0392159223556519e-001 4.7843137383460999e-001 5.8223760128021240e-001
6.2222224473953247e-001 4.7450980544090271e-001 5.7254904508590698e-001
6.4052289724349976e-001 4.7058823704719543e-001 5.6286042928695679e-001
6.5882354974746704e-001 4.6666666865348816e-001 5.5317187309265137e-001
6.7712420225143433e-001 4.6274510025978088e-001 5.4348325729370117e-001
6.9542485475540161e-001 4.5882353186607361e-001 5.3379470109939575e-001
7.1372550725936890e-001 4.5490196347236633e-001 5.2410614490509033e-001
7.3202615976333618e-001 4.5098039507865906e-001 5.1441752910614014e-001
7.5032681226730347e-001 4.4705882668495178e-001 5.0472897291183472e-001
7.6862746477127075e-001 4.4313725829124451e-001 4.9504038691520691e-001
7.8692811727523804e-001 4.3921568989753723e-001 4.8535180091857910e-001
8.0522876977920532e-001 4.3529412150382996e-001 4.7566321492195129e-001
8.2352942228317261e-001 4.3137255311012268e-001 4.6597462892532349e-001
8.4183007478713989e-001 4.2745098471641541e-001 4.5628604292869568e-001
8.6013072729110718e-001 4.2352941632270813e-001 4.4659745693206787e-001
8.7843137979507446e-001 4.1960784792900085e-001 4.3690890073776245e-001
8.9673203229904175e-001 4.1568627953529358e-001 4.2722031474113464e-001
9.1503268480300903e-001 4.1176471114158630e-001 4.1753172874450684e-001
9.3333333730697632e-001 4.0784314274787903e-001 4.0784314274787903e-001
9.4444441795349121e-001 3.6928105354309082e-001 3.6928105354309082e-001
9.5555555820465088e-001 3.3071896433830261e-001 3.3071896433830261e-001
9.6666669845581055e-001 2.9215687513351440e-001 2.9215687513351440e-001
9.7777777910232544e-001 2.5359478592872620e-001 2.5359478592872620e-001
9.8888885974884033e-001 2.1503268182277679e-001 2.1503268182277679e-001
1.0000000000000000e+000 1.7647059261798859e-001 1.7647059261798859e-001
9.6405231952667236e-001 1.4705882966518402e-001 1.4705882966518402e-001
9.2810457944869995e-001 1.1764705926179886e-001 1.1764705926179886e-001
8.9215683937072754e-001 8.8235296308994293e-002 8.8235296308994293e-002
8.5620915889739990e-001 5.8823529630899429e-002 5.8823529630899429e-002
8.2026147842407227e-001 2.9411764815449715e-002 2.9411764815449715e-002
7.8431373834609985e-001 0.0000000000000000e+000 0.0000000000000000e+000
