TTAAAA	6729	6877	3947	440.6845
AAAATA	6601	6830	3840	415.0735
AAATAT	5112	5284	2543	375.3121
CCCGCC	9257	7348	5293	372.3342
AAAATT	5512	5659	2824	359.9737
AAATAA	6701	6749	3789	359.2286
ATTTTA	5844	6061	3114	355.1732
AAAAAT	6830	6993	3954	354.2211
CCCCGC	8826	7310	5047	350.2189
AATAAA	6615	6580	3661	347.6657
CCGCCC	9266	7202	5177	345.3891
CGCGCC	6135	4844	2690	337.6937
ATTGGC	4201	3563	1603	331.3227
CCGCGC	6457	5247	2970	326.6216
CCGGAA	4462	3564	1669	326.3762
ACGTCA	2231	1995	710	326.3170
TATAAA	4196	4733	1969	325.8901
ATAAAA	5928	6173	3159	323.3764
TAAAAA	6385	6765	3608	321.9643
TAAATA	4851	5178	2347	319.2352
CGCCCC	8637	6875	4670	317.8627
AAATTA	5099	5062	2393	315.4960
ATTAAA	5061	5201	2428	314.0949
AATAAT	4592	4644	2065	313.3011
CTTCCG	4904	4112	1974	310.0794
CCAATC	4301	3635	1631	307.6250
TTTAAA	4940	5099	2338	306.3343
AATTAT	4029	4100	1690	297.9379
CCCGCG	6188	5329	2871	293.6039
AATTAA	4467	4601	1984	291.1468
CGCCGC	6476	5425	3012	287.5869
ATAAAT	4943	5196	2351	286.8069
GCGCCC	6864	5697	3281	285.2385
AATTTA	4403	4481	1915	283.6029
ATTTAA	5020	5188	2373	283.5350
GCGCGC	4188	3244	1445	281.4443
CGGGGC	8009	7056	4443	280.2730
TGCGCA	2190	1660	594	276.5639
CCCCGG	6970	6672	3773	274.9353
TATTAA	3784	3984	1555	274.1939
AATATA	3477	3855	1421	269.6397
GGCCCC	8468	8079	5209	268.1147
GCCGCC	7247	6346	3726	267.2178
TTCAAA	5651	5967	2892	267.1558
GCCCGC	6862	5983	3391	265.7660
CGGCGC	5935	4991	2598	262.4181
CACGTG	2352	2159	721	261.0324
CGCCCG	5968	5033	2622	258.2937
AGGCCC	7339	7158	4153	257.7983
CGGCCC	6830	6215	3463	247.9552
AGCCCC	8380	8082	5135	246.0934
ATATAA	3288	3688	1296	245.4891
CCCGGC	7455	6677	3949	244.0518
GCCCCC	8684	8107	5304	243.2834
CGCGGC	6151	5255	2757	239.2835
CAATCA	3773	3492	1370	238.1391
AAAACA	6785	7062	3818	238.0596
CGTCAC	2924	2568	912	235.5602
TAATAA	4168	4319	1730	233.9717
GGGCCC	5259	5454	2497	233.2005
GCGGCC	6901	6100	3416	231.7017
AAAATG	6646	6726	3593	231.2801
AATATT	3004	3194	1080	231.0922
CCGGGC	7019	6449	3629	230.5633
CTGCGC	6085	5008	2613	228.5288
GACGTC	1529	1362	400	228.2329
TTTCAA	5393	5660	2619	228.1566
ATTTTC	5999	6065	3024	228.1087
AAGAAA	7999	7979	4855	227.8272
CCGCCG	6085	5422	2788	227.1369
TTTTCA	6392	6518	3382	227.0711
ATAATA	3357	3671	1286	221.8488
AGGCGG	7003	5654	3229	221.6961
TCCGCC	6106	4784	2513	220.9153
ATATTA	3107	3422	1152	220.6490
CGCGCA	4087	3285	1366	218.6151
AAAACT	5567	5516	2617	217.2504
AACAAA	6011	6228	3080	216.8494
GAGCGC	5318	4782	2245	216.7634
AAACAA	6111	6269	3139	216.4014
CCGGCC	6841	6162	3395	213.8946
ATTTCA	5316	5553	2529	213.6094
CAGGCC	7732	7488	4444	212.9134
AAATTT	3361	3625	1264	211.8558
ATTATA	2902	3312	1061	211.8267
CGGGCC	6196	5857	2994	211.6895
AAATGT	5693	5821	2774	209.1327
GCGCAC	4052	3387	1375	206.3149
AGGGGG	7526	7566	4369	204.8202
ATGGCG	2401	1855	616	204.0803
CTCCCC	9637	9418	6560	204.0802
AGGGGC	8386	7685	4859	204.0606
CCCAGG	9711	9224	6482	203.1398
CGCGCG	3603	2875	1110	202.9187
CCGGCG	5665	4922	2398	202.7393
AAAGTT	5128	5151	2296	202.6676
TTTTTC	7194	7071	3963	202.3575
GGCGCC	4676	3972	1731	201.8407
CGCCTC	6849	5569	3102	201.8394
AAATTC	4893	4974	2147	201.2430
GAGGCC	7654	7653	4470	200.4527
CTTAAA	4931	5067	2190	199.1263
AATTTC	4790	4731	2022	197.2918
AGGCGC	5642	4376	2162	196.8506
CTGGCC	7801	7342	4378	196.7852
CTTTTA	5393	5588	2548	196.7345
TTCCGC	3882	3040	1215	196.3237
CCCCCG	6476	6149	3211	195.7655
CTCCGC	6926	5820	3241	195.6482
CCCGGA	5900	5522	2715	195.3409
ATGAAA	5315	5523	2491	194.9566
CAGCCC	9186	8587	5782	194.6487
TCCCGC	6526	5440	2911	193.8378
CGTGAC	2642	2466	788	193.7303
ATTTTG	5385	5592	2540	192.3759
AATTCA	4295	4514	1777	190.8410
CAGGGC	8548	8038	5117	190.5968
TGGGCC	6574	6338	3328	190.5430
CCAGGG	8920	8588	5629	190.1483
AAATTG	4176	4256	1658	189.9852
CTTTAA	5139	5146	2280	189.8777
CAAAAA	5749	5812	2763	188.7958
AAATGA	5987	6275	3047	188.6053
TCAAAA	5217	5529	2446	188.6007
CCAGCC	9272	8448	5736	188.5190
ATTTGA	4271	4507	1763	187.9297
AAATAC	4470	4796	1921	187.8647
AAAGAA	7477	7700	4382	186.5530
AAAAAG	6893	6867	3702	186.0857
AAATCT	4962	5269	2253	186.0006
TGGGGC	8175	7455	4600	185.0621
ATGCGC	2218	1629	521	184.0532
TATTCA	3591	3849	1356	183.9308
GCTCCC	8337	8280	5128	183.8100
CCCGGG	5426	5381	2463	183.3571
CCCCTC	9349	8673	5906	183.1317
TATTTC	4953	5153	2205	183.0536
AATGAA	5748	5853	2768	181.7314
CTCGCG	3941	3421	1327	181.6586
ATTTCT	6272	6488	3248	181.4612
ACAAAA	6033	6146	2999	179.0953
AGAAAA	8379	8266	5135	178.8515
CCCCAC	8729	7972	5154	178.5058
TAATTA	2197	2289	645	178.2711
CCCTCC	10254	9566	6988	178.1443
GCCTCC	9239	8711	5858	176.9609
CCCCAG	9515	8879	6115	176.7372
AGCGCG	4507	3822	1599	176.7044
CTAAAA	4641	4929	2008	176.6834
AAAAGA	6895	7073	3782	176.3562
CACCCC	7782	7404	4368	176.2380
CCCACC	8974	8207	5414	176.1657
ACGCGC	3341	2641	958	176.0486
CCACCC	8749	7851	5090	175.5676
TAAAAC	4626	4657	1911	175.2851
CAGCGC	5884	4966	2450	175.0279
CGCAGC	6129	5367	2704	174.5535
AATTTG	4244	4488	1729	173.9325
CACGCG	3108	2670	913	172.9653
CCGGGA	6382	5899	3027	172.7050
TGACGC	2585	2101	674	172.6070
AATTAG	3359	3556	1199	172.5632
GGAGCC	8542	8501	5342	172.0393
AAAATC	5052	5344	2291	171.3108
AATATG	3356	3660	1223	171.1525
CAGGGG	7787	7855	4593	170.9406
CTGCCC	9005	8689	5704	170.6410
AGCGCC	5564	4739	2244	170.3233
GGACCC	6450	6348	3246	169.6123
CCCAGC	9634	8716	6069	169.5270
ATCAAA	3878	4172	1513	169.5110
AATTGT	3406	3492	1191	169.2307
TCGCGA	957	775	202	168.6297
AAAAAA	5468	5707	2579	168.3277
CAAATA	4603	4760	1927	168.2882
CGGGGA	6585	6053	3169	167.8245
AAGAAT	4804	5216	2149	167.6823
CACCTG	6612	7189	3683	166.7903
TTAAAC	3666	3677	1308	166.5204
CCTCCC	10734	9999	7558	166.3647
AAAAGT	5579	5612	2583	166.2694
CGCTCC	6057	5378	2669	166.1736
CATTTA	4604	4909	1971	164.8704
GCCAGC	7190	6749	3746	164.6995
CCGCGG	4413	4139	1659	164.6172
TTTACA	4724	4626	1917	164.2722
CTGGGC	8932	8093	5305	163.8927
TTAGAA	4576	4895	1955	163.7776
CCCCCA	8417	8176	5081	163.7602
TCCGGC	4727	4264	1794	163.6303
GTCCCC	6852	6695	3566	162.7604
AAATCA	4873	5288	2191	162.4854
GAGCCC	7687	7773	4485	162.0822
GACCCC	6202	6161	3047	161.2320
CCTGCC	9037	8629	5671	161.1528
TCTTAA	4220	4535	1716	160.3397
TAAACA	4537	4551	1824	159.7206
AAAGAT	4911	5272	2195	159.4913
TATATA	1746	2046	496	158.8823
ATAAAG	4494	4800	1888	158.4891
AAAAAC	5713	5731	2669	158.4865
CCCTGC	8845	8437	5449	158.3635
CTCCCG	6907	6366	3430	158.2467
CCGCAG	6251	5752	2887	157.6150
AAACTT	5083	5068	2182	156.8617
AATCAG	4532	4629	1842	155.9574
GGTCCC	6602	6467	3341	155.9373
CATTAA	3455	3807	1268	155.1302
TGGCGC	4375	3300	1362	155.1180
TAATTC	3450	3621	1218	154.8887
CATGCG	1945	1539	438	154.7792
AATACA	4011	4165	1531	154.6341
GCTGCC	8270	7749	4755	154.2901
AGCGGC	5346	4649	2112	153.5378
ATTCAT	4053	4294	1580	153.3306
TCGCGC	3216	2565	885	152.4972
AATGAT	3558	4061	1361	152.4653
AGCCGC	5627	4909	2304	152.4482
CGCCCA	5844	4482	2201	152.2206
AATTCT	4647	4906	1965	151.7917
ACAAAT	4625	4789	1919	151.7834
AGGGCC	7039	6822	3690	151.5772
CAATTA	3061	3122	988	151.5398
CCAGGC	8916	8157	5312	151.0411
CAATAA	3641	3618	1264	150.8978
GCTCGC	4345	4179	1631	150.7106
TAATCA	3048	3314	1029	150.5043
TGCGCC	4704	3724	1582	150.2638
TAATGA	3547	3846	1298	150.2110
CCCCCC	4817	6072	2411	150.1821
CCGGAG	5812	5581	2634	150.1156
ATTAGA	3165	3416	1083	149.7918
GCATGC	2062	1840	508	149.7911
ATTTAC	3610	3677	1270	149.7604
CCTGCG	6097	5455	2689	149.7255
CGCGGA	4226	3794	1474	149.5255
CATTGG	3808	3446	1258	149.4908
ACCCCC	6138	6099	2974	149.2503
AACATT	4395	4575	1769	149.0543
AAACAT	4818	5099	2085	148.7286
ACGTGA	2411	2193	637	147.9143
TACATA	2816	3049	907	147.8805
AGAATA	3954	4371	1562	147.2387
TAGAAA	5425	5580	2480	147.1949
CGCTGC	5936	5273	2549	146.5517
CCGCCA	5304	4455	2014	146.4615
TTACAA	3666	3722	1293	146.3344
CAGCCG	5682	5146	2406	145.9509
TGGCCC	6927	6579	3516	145.7789
ACTTCC	6357	5937	2988	145.5944
AATCAA	3904	4046	1451	145.4987
CAATCG	1553	1175	314	145.0639
AAACTA	3875	3946	1412	144.2004
CCTCCG	6385	5887	2975	144.1947
ATAATC	2590	2965	830	144.1308
GCAGCC	8646	8144	5149	143.5273
ACGCCC	4554	3580	1483	143.1795
TTTTAC	4331	4476	1708	143.0823
ATAATG	3164	3388	1067	142.9598
ATGTAA	3467	3609	1203	142.7178
AACATA	2940	3469	1026	142.6076
TTATTC	4043	4234	1543	142.3880
GCCCAC	6703	6178	3230	142.3029
ATTAAT	2272	2421	649	142.1691
ACAATA	2977	3151	962	141.8652
AAGTGA	5180	5301	2276	141.8018
TACAAA	4258	4438	1670	141.2557
CACGCC	4660	3703	1549	140.8417
ATTAAC	2874	2921	883	140.5872
AAATAG	4529	4795	1870	140.3114
ATTGAA	3427	3575	1179	139.5969
AGCCGG	5395	5061	2261	139.4304
CCGCTC	5572	5067	2325	139.2734
CCGAGC	4960	5122	2128	139.0422
AATGTA	3598	3731	1266	138.9267
ATTCAA	3984	4116	1485	138.6976
AAGTAA	4022	4318	1555	138.4582
CCTGGC	8661	7966	5046	138.1023
GCAGGC	7739	7246	4199	137.8076
CATAAA	4008	4282	1539	137.7014
CGGCCG	3886	3614	1310	137.5394
AGGGCG	6254	4981	2520	137.0802
ACATTA	3089	3268	1011	136.9522
GTGGCC	6221	6012	2949	136.5387
AATCAT	3339	3693	1180	136.1825
CGCACG	2982	2784	870	136.1303
ACTACA	3157	3082	981	135.5552
AACAAT	3706	3770	1301	134.9682
ATTAAG	3269	3510	1113	134.4571
CAGGCG	5918	4866	2354	134.4259
AATTAC	3124	3077	970	134.1028
CTGGCG	5391	4340	1976	133.7100
AAGTTA	3599	3741	1261	133.4298
TAAAGA	4867	5119	2084	133.3959
ATTACA	3267	3389	1081	133.3630
AGGCCG	5300	4969	2183	133.2614
ATGCAA	3645	3788	1286	133.0799
CCTCGG	5849	5909	2749	132.6927
CGGAAA	3543	2732	972	132.6157
CCTCGC	5702	4964	2317	132.1289
CGCTTC	4119	3455	1315	131.9870
TTATAA	2190	2531	641	131.8619
AAAGTA	4161	4589	1669	131.8237
CGGAGC	6026	5692	2729	131.6350
AGATAA	4036	4230	1523	131.5578
TAAATC	3496	3609	1195	131.5021
CGAGGC	5242	5043	2186	130.9095
ATCAAT	2596	2852	792	130.9092
ATTTAG	3634	3961	1326	130.8803
ATTATG	2758	3196	903	130.6423
CCCTCG	5340	5069	2229	130.3485
ATATTG	2518	2808	764	129.9254
TGCGGC	4462	4105	1610	129.8480
ATAGAA	3651	3962	1329	129.3860
ATATTC	3107	3429	1043	129.0421
AATAGA	3581	3766	1256	128.9389
ATAACA	3001	3260	976	128.8214
ACATAT	2763	3231	909	128.5457
TTTTCC	8047	7512	4468	127.8921
ATTTGC	4109	4233	1540	127.5918
CGAGCG	3501	3543	1173	127.3307
CGCCAC	4329	3441	1356	127.1200
CCCAGA	8232	7827	4727	126.5907
CGACCC	3702	3216	1134	126.5241
TTAATC	2983	3117	935	126.1655
TCCCCC	7457	7769	4299	125.8691
TCTAAA	4311	4587	1707	125.2275
CAGCTG	5046	4642	1965	125.1283
TTATCA	3135	3468	1054	125.0502
AGTTAA	3574	3638	1214	124.8604
GCACGC	3650	3216	1119	124.7990
ATATAT	1870	2173	507	124.6761
ATGTTA	2967	3245	958	124.4152
TGCCCC	7255	7114	3878	124.1624
GCCACC	6584	6363	3229	124.0545
GGCACC	5630	5703	2565	123.8530
CGGCTC	5577	5277	2380	123.4244
ATTTCC	6208	5917	2878	122.7705
CATTTC	6135	6128	2936	122.4469
TCCCTC	8409	8117	4969	122.4051
ATTGTA	2749	2834	812	122.3130
CTATAA	2557	2890	780	122.3088
AGCGGG	5440	4891	2182	122.2021
TTTATC	3821	4102	1406	121.9157
CCACGC	4835	4025	1677	121.3014
GCGACC	3348	2883	955	121.0611
TTTAAC	3747	3839	1310	120.7889
ACCAAT	3165	2965	934	120.5825
GAGGGC	7985	7434	4382	120.5635
AGTTTA	3937	3780	1346	120.5060
AGGTGG	7232	7012	3810	120.0561
CTCGGC	5309	5138	2225	119.9821
ATATGA	2557	2945	788	119.8922
CGGGTC	4196	4096	1511	118.9343
AACTAC	2839	2831	827	118.9274
CTATTA	2499	2735	731	118.5811
CGGCCA	4738	4185	1699	118.4671
ATGACG	1570	1329	319	118.0543
ATACAT	3064	3360	1000	117.9459
CTCCTC	9186	8836	5799	117.8561
TATTGA	2735	2972	832	117.3826
AGATTA	3064	3343	995	117.2162
TATACA	2524	2758	739	116.9053
TCTCGC	3399	2666	903	116.7887
GACGCC	4197	3610	1359	116.6572
CGTCGC	2573	2318	658	116.5635
AATTCC	4473	4273	1645	116.4524
AGCCCG	5497	5115	2276	116.2630
AAGATA	3519	3889	1251	116.1364
AGGCCA	6326	6296	3074	115.8616
ATAAAC	3698	3799	1277	115.5274
ACGCCG	3019	2692	829	115.2919
ACCGCG	3145	2795	880	114.8457
AATAAC	3443	3548	1140	114.6927
ACTTTA	3844	4023	1379	114.5908
GCCGGC	4178	3860	1427	114.5811
TCATAA	2986	3297	960	114.0228
CTCGCC	5328	4500	1983	114.0041
ACTAAA	3498	3625	1173	113.6854
GTCGCC	3561	3094	1048	113.4811
AACTTC	4481	4432	1693	113.4308
CCGCGA	3518	3047	1025	113.1681
CGTGGC	4328	3802	1448	113.1095
AATATC	2811	3072	865	112.6259
ACATAA	3269	3558	1093	112.6107
ACCCCG	4830	4623	1866	112.5856
AAATGC	5054	5133	2118	112.2504
AATACT	3291	3618	1112	111.5775
ATTATC	2749	2870	805	111.1996
ACCTGG	6384	6452	3156	111.0891
ACCGCC	4372	3593	1389	110.4833
TAACAA	3448	3522	1128	110.3900
ATCAGA	4006	4457	1544	110.2452
GTGACC	4457	4641	1745	109.8034
TAGTAA	2637	2934	791	109.7999
TATGAA	3211	3654	1096	109.7190
ATGTCA	3513	3832	1224	109.4865
CCCGAG	5579	5723	2525	109.4199
ATTCTA	3369	3646	1136	108.9443
CGTCCC	4859	4357	1777	108.7214
TAAGAA	4578	4954	1883	108.5233
CTGGGA	9044	8357	5417	108.4880
CAGCGG	5618	4944	2237	108.4640
CGGGCA	4501	4338	1660	108.2503
CAGGAG	8477	8288	5071	108.2436
CTGAAA	6381	6343	3102	108.2023
TTAACA	3730	3799	1274	108.1500
ACCCGG	4540	4241	1640	107.9074
GAAAAC	5883	5824	2681	107.8144
ACGTGC	2301	2407	612	107.3994
ATCTAA	2724	3087	840	107.3933
AGTAAA	4474	4638	1745	107.2463
AAATCC	4858	4852	1943	107.0808
AAGCGC	3317	2723	887	106.8732
CGGGAC	4860	4337	1767	106.8546
ATTGTG	3371	3436	1080	106.4506
CCAGGA	8503	8047	4947	106.3739
CGAGCC	4413	4389	1645	106.0774
TTTGCA	5326	5501	2338	106.0756
AATAAG	3958	4184	1443	105.5097
AATCTT	3985	4366	1503	105.4475
ATTACT	2976	3240	931	104.7538
ATATAG	2144	2559	604	104.6048
TACTAA	2446	2659	686	104.2506
ATTGGA	3406	3259	1040	103.9792
TTTCCA	7299	7163	3881	103.9645
ATACAA	3096	3329	980	103.8207
GACTAC	2102	2089	512	103.5599
CGGCGA	3377	2908	941	102.5574
TCGCCC	4505	3732	1455	102.4861
TGCCGC	4240	3629	1352	102.2084
CTCCCA	8667	8076	5040	102.0435
AATTGA	3153	3302	985	101.9078
AAGTTG	4037	3887	1374	101.8561
CCGGAC	3571	3358	1103	101.8181
CCAGCG	5720	4782	2193	101.2694
ATCATA	2229	2606	626	101.2364
ATGACA	3548	3832	1220	101.0491
TATCAA	2450	2817	713	100.9205
TCCAAA	5595	5718	2512	100.8385
CCCCGA	4733	4802	1872	100.7841
CAATGG	3715	3431	1157	100.7259
CGCCAA	2848	2195	660	100.3310
CATCAA	3052	3415	983	100.1791
TCGGGC	3889	3871	1324	99.6354
GCACCC	5679	5637	2510	99.1952
ACCTGC	5634	6077	2661	99.0951
AATGCA	4267	4381	1584	98.9697
AATCCA	4119	4239	1496	98.9450
CGGAAC	2760	2322	671	98.8806
CATATA	2425	2793	700	98.8617
TATAGA	2266	2708	649	98.7178
ACTTAA	3547	3756	1196	98.6694
AATTGC	2964	2807	820	98.1813
GCGGAC	3565	3169	1045	97.9776
GTGCCC	5741	5765	2581	97.8020
AGGCCT	3996	3855	1346	97.7389
CTTCAA	4483	4527	1695	97.6786
ATATCA	2339	2718	665	97.4130
CCTGGA	8136	7789	4597	97.3540
AAAAGC	6056	5736	2691	97.1752
AGCTGG	7369	6891	3766	97.1240
ATATCT	2765	3099	837	96.8225
CTGCCG	5388	4694	2042	96.7866
TTTTGC	5125	5061	2087	96.5142
AAACTG	5660	5324	2375	96.1490
AGGAGG	9424	8995	5987	95.9768
CTAATA	2539	2777	718	95.9712
AGGTAA	3723	3877	1272	95.6721
CGCGTC	3340	2962	936	95.6702
TCATTC	4655	4631	1780	95.6599
ACGGCG	2704	2540	703	95.4915
ACGTGG	3323	3010	944	95.4783
AGCAAA	5749	5939	2647	95.4054
AAGGCG	4254	3188	1206	95.2246
TTGGCC	5152	4900	2036	95.0862
TATTAC	2361	2592	643	95.0769
TAATAC	2259	2533	611	95.0482
AGCAGG	7495	7530	4136	95.0356
ATAACT	2912	3017	851	94.9912
AATCAC	3589	3778	1207	94.9665
CCTTCC	9376	8977	5946	94.9608
TTTCAC	4965	4692	1900	94.8775
AGGCTG	8365	7713	4666	94.8409
TGCCCA	6307	6075	2928	94.8269
AATAGT	2780	3120	842	94.8059
ACCGGA	2532	2281	615	94.8030
AGCCAA	5742	5407	2434	94.4993
ATATAC	2165	2505	586	94.4669
CGCGAA	1917	1460	363	94.3350
AGGGAG	9212	8719	5695	94.3178
TCGGCC	4155	3913	1401	94.1389
ATCACA	3643	4015	1283	94.0825
CAATGA	3752	3755	1244	94.0113
CCAATA	2832	2656	752	93.9748
AGGGCA	6831	6673	3413	93.7102
AAGATG	4863	5136	2014	93.4352
CTGCAG	5530	5356	2334	93.3781
CAAAGA	5804	5988	2684	93.3361
ATAGAT	2377	2732	670	93.1368
CAAAAG	5681	5589	2479	92.9812
ACCCGC	4390	3864	1449	92.9602
ATCCGG	2269	1977	507	92.8977
CGACGC	2468	2303	605	92.8030
CTACAA	3283	3285	998	92.4696
AGCTGC	6884	6538	3371	92.2014
ACTATA	1960	2270	503	92.1427
CAGGTC	5308	5437	2279	91.9858
CAGCCA	7621	7113	3981	91.8235
AGAGGG	8299	7706	4622	91.7634
AACGCG	1949	1509	373	91.7560
CGGAGA	4569	4122	1580	91.7529
CTGACC	5142	5503	2239	91.4488
CGCGAC	2482	2148	574	91.0100
ATGACT	3202	3404	1004	90.9466
AACCAA	4407	4422	1625	90.9280
CCTCAG	7857	7451	4265	90.9052
TGCTGC	6320	6450	3084	90.8557
AGTGAA	4844	4872	1913	90.7674
CCCACG	4887	4429	1776	90.7083
AGCCCA	6799	6570	3345	90.6474
CCTTAA	3818	3709	1243	90.5089
AACTAA	3277	3411	1024	90.5064
CCCGCA	5084	4713	1937	90.3271
AAGCAA	5268	5397	2246	90.2979
AAGGGG	7312	7015	3783	89.4883
CGCACC	3908	3557	1222	89.4333
CTTGAA	4512	4637	1723	89.4054
AGGGTC	5270	5098	2136	89.2243
AGTGCG	2832	2258	656	88.9758
TCATCA	3592	4070	1273	88.8970
GTCACC	4564	4736	1770	88.6246
TTTCTC	7915	7677	4405	88.1905
AAATGG	5450	5502	2348	88.1773
GCCGAC	2963	2888	823	88.1451
CAGGAC	6236	6233	2950	87.9385
CCAGAG	8274	7852	4680	87.9208
GATGGC	3793	3911	1287	87.8929
AAACAC	5235	5365	2217	87.8535
TTCACA	4844	4918	1922	87.6293
GACCGC	3258	2995	913	87.6159
CCCAAG	6792	6551	3326	87.4795
CGGGAA	5096	4338	1801	87.3634
CTGGAC	5472	5224	2250	87.2720
AATCTG	4340	4501	1621	87.2566
CGGTGC	3966	3745	1287	87.2080
CCTTTA	4738	4586	1775	87.1813
TTGCGC	2320	1619	438	87.1164
ACTTTG	4633	4870	1833	87.0640
ACTAAT	2493	2757	691	86.8983
TATCTA	2285	2609	619	86.8687
CTAATC	2330	2382	586	86.6920
AATCTA	2825	3097	835	86.5466
AGGACC	5419	5465	2319	86.5328
GAAATC	4359	4393	1592	86.3360
AGCGCA	3397	2847	904	86.2892
AAACTC	4758	4402	1718	86.2327
ATTCAC	3450	3441	1068	86.2236
TAATCC	2675	2795	737	86.2178
AGGTCA	4555	5067	1867	86.2132
TGCAGC	6302	6051	2896	86.0369
TGCGTC	2707	2275	633	85.7976
CAAGGC	5630	5265	2319	85.7819
CCAAAA	5468	5354	2294	85.7338
TTCCAA	5632	5656	2470	85.6648
ATGATA	2357	2890	684	85.6124
AAGGAA	7866	7836	4456	85.4106
AGCGGA	3734	3172	1064	85.3336
ATCTTG	3522	3695	1150	85.2601
TGGCCA	3522	3478	1094	85.2037
AGTGAC	4427	4279	1575	85.1273
AAGTAT	2923	3432	929	85.0160
TCCCCA	8613	8157	5019	85.0150
TCAGCC	6593	6045	3009	84.9884
ATCTTA	2891	3276	887	84.9878
ACGCGG	3281	3037	924	84.8769
ATAAGA	3213	3534	1027	84.6591
AATGCT	4012	4150	1411	84.5551
CTTATA	2212	2578	595	84.5080
CACCCA	6498	6111	2998	84.3577
CCCACA	6600	6518	3220	84.3018
CCGACC	3444	3386	1049	84.2193
ATAGTA	2053	2484	546	84.1888
ATGGGG	5383	5099	2165	84.1564
AACTTG	4020	3930	1349	83.9772
CGCAAC	1770	1307	308	83.8266
ATACTA	2021	2313	511	83.8057
AGGTGC	5138	5303	2150	83.5892
CAGAGG	8559	8320	5078	83.4905
ATTGCA	3192	3081	912	83.4813
TTTAGC	3195	3145	928	83.4753
AATAGC	2730	2811	748	83.4493
CCATGG	2492	2575	650	83.2767
TAACCA	3083	3189	911	83.0131
CCCTCA	6802	6353	3229	82.7517
TTCTCA	6153	6211	2894	82.7370
ACTTAT	2447	2659	656	82.6060
AAGCGG	3625	2987	984	82.5994
TCACGC	2435	2227	570	82.5509
CATTCA	4495	4547	1675	82.5060
AAGTCA	4478	4836	1760	82.4868
TCCTCC	9186	8890	5754	81.7691
AAAAGG	6865	6557	3347	81.7267
AGGTGA	5581	5692	2455	81.6910
GCGTCC	4629	4066	1559	81.6693
ACCCCA	6522	6140	3014	81.5754
TAGCAA	3214	3324	972	81.5583
CACCCG	4313	3991	1445	81.4996
AATGAC	3734	3740	1212	81.3735
TTCTTC	6641	6512	3228	81.2856
ACAATG	3424	3531	1075	81.1366
AAAGGG	7214	6652	3543	81.0226
CTCAGC	7412	6873	3739	80.9243
CTGAGC	6887	6976	3547	80.9205
TTAACC	2920	2966	819	80.7254
CACAAA	5462	5524	2344	80.7011
AAACCA	5262	5587	2291	80.6986
CTGACG	2828	2501	697	80.5797
TTAGCA	3315	3479	1033	80.5586
CTTTGA	4974	5165	2036	80.5209
CTTTTC	7415	6996	3800	80.5169
AATGTC	3461	3526	1082	80.4144
AAAACC	5260	5330	2197	80.3520
AAACAG	6218	6248	2931	80.3519
CAGAGC	7602	7614	4196	80.0918
CAATAG	2497	2416	615	80.0408
CTGTCC	6574	6427	3158	79.8708
TGACTC	4302	4182	1497	79.8629
AGGCAG	8416	7942	4783	79.7705
ACACAT	3933	4369	1439	79.6295
TCAGCA	5253	5448	2235	79.5231
TTTGAC	3308	3388	1007	79.4139
TTGTTC	3970	4192	1400	79.2824
CCATCC	5599	5594	2419	79.2548
TCAGAA	5769	6063	2667	79.2324
CCGCAC	4038	3798	1306	78.9453
AAAGTG	5466	5250	2239	78.9375
CAGCTC	7614	7425	4104	78.8405
AGGTCC	4861	4963	1924	78.8024
TCACAA	3991	4110	1382	78.7848
CAAATC	4004	4202	1412	78.7808
ACATCA	3330	3806	1113	78.7464
TAACTA	2405	2498	611	78.6664
CACTTC	5811	5500	2461	78.6580
CCAGCA	7004	6891	3556	78.6084
GACCTC	4908	5014	1957	78.5909
CCCGAC	3681	3518	1133	78.5626
TATGAC	1926	2069	447	78.3177
GTTGCC	3843	3444	1153	78.2585
CATGAA	3547	3946	1208	78.1993
TGTGAC	4148	4319	1488	78.1015
GACTCC	5451	5136	2189	78.0875
CAGCAG	7931	7901	4505	77.9050
AATGGA	4600	4570	1706	77.8451
CACCTC	6925	6493	3334	77.8197
TCCTGC	7554	7435	4077	77.7848
CGTGCC	3261	3110	925	77.7012
AGCAGC	7124	7214	3761	77.5676
CTCAAA	5157	5156	2091	77.4213
AAGCCG	3551	3183	1010	77.2772
CCTCCA	8211	7825	4607	77.1313
CTCTGA	6478	6570	3172	77.1228
GACGGC	3338	3281	984	77.1045
AGAATG	4954	5068	1988	77.0639
TTCCCC	8148	7880	4604	77.0510
CCAGAA	6814	6849	3446	77.0447
ACCCAG	6930	6659	3411	77.0016
CTTTCA	5800	5675	2522	76.9800
TCTCAA	4421	4497	1624	76.8745
CAGGGA	8396	8212	4914	76.8385
ACGTCG	1218	1135	213	76.8327
TGAAAC	4427	4348	1579	76.6171
AACTTA	3031	3173	884	76.6078
AGCCAG	7405	7127	3850	76.5898
TCAAAC	3630	3639	1148	76.5041
AGCATA	2427	2774	664	76.3158
TGACCC	4855	5111	1966	76.3137
ACCAAA	4412	4638	1663	76.0801
CAAACA	5166	5246	2123	76.0548
AGCGAG	3976	3591	1224	75.9848
AGGCTC	6522	6506	3160	75.7411
AGTTTG	4685	4523	1713	75.6706
GACAGC	5407	5131	2166	75.6276
TTATAC	2142	2444	545	75.5451
TTATGC	2256	2416	562	75.3595
ATCATG	2459	2931	699	75.3201
TGAATC	3157	3335	949	75.0669
AGAGGC	7806	7146	4044	74.9895
ACAAAG	5426	5635	2358	74.9390
CCTGCA	6642	6695	3294	74.9294
GCTGAC	4586	4582	1699	74.9138
GTAAAC	2987	2759	777	74.6120
TTCAAC	3276	3271	962	74.5841
AGAAGA	6490	6799	3270	74.5385
AGGGTG	6508	6028	2942	74.5271
CGGTTC	2441	2255	565	74.4878
AGCCCT	7178	6826	3594	74.4297
AAAGCA	6368	6585	3123	74.3233
CCTGAC	5288	5424	2227	74.1918
ATTGCT	3465	3514	1068	73.9749
ATTCCA	4630	4688	1745	73.8778
CATCAC	3650	4025	1249	73.6059
CGTTGC	2104	1731	412	73.4900
CAAAAC	5079	5136	2047	73.3717
CACACC	5200	5303	2149	73.2435
AATGTG	4383	4539	1617	73.2238
TTGATC	2294	2432	569	73.1845
TAAGTA	2672	3004	758	73.0262
TCTTTC	6986	6920	3547	72.9618
ATGTGA	3772	4066	1294	72.9603
ATTAGC	2373	2535	603	72.9412
TGAACA	3914	4285	1396	72.9118
TTTGTC	4542	4612	1690	72.9096
CATGCC	3437	3528	1062	72.7556
CCATTA	2703	3016	767	72.7077
TGTCCC	6134	6072	2804	72.5801
AACTGA	4584	4588	1695	72.5294
AGCAAC	3976	3811	1280	72.5263
CCTAAA	4200	4349	1501	72.5170
ACCCAC	5282	5052	2086	72.4764
TTGCCA	4473	4380	1594	72.4033
TCTCCC	8533	8223	4982	72.2818
TTTCCC	8514	7869	4774	72.2528
TGTCCA	4421	4523	1622	72.2487
CGCTGA	3479	3009	939	72.1528
TGTGCC	4780	5072	1917	72.1147
AGTAAC	2847	2826	758	72.0926
ATTTGG	4713	4887	1833	72.0265
AGCCTC	7351	7064	3782	71.9511
AGTATA	2049	2453	523	71.9383
ATGGCC	3541	3672	1124	71.8797
AAGGCC	5628	5353	2320	71.8764
CATTAG	2704	2857	733	71.7133
AGGGGA	8061	7781	4493	71.7111
TTGCAA	2247	2221	520	71.6923
CAGAAA	7585	7600	4159	71.6244
AAGTGG	5436	5151	2174	71.5493
ACTCCC	5926	5404	2448	71.5456
TACCAA	2654	2888	728	71.5050
ACTTCA	4354	4523	1599	71.4581
AATGGC	3815	3586	1172	71.4021
CGGTCC	3667	3418	1089	71.3961
AAGTTC	3993	4010	1339	71.3902
TTCATC	4103	4236	1436	71.3625
TCAGGC	5785	5521	2442	71.3425
ACTGCG	3252	2519	767	71.2660
ACGCCT	3005	2329	676	71.1860
TAGGCC	3133	2855	824	71.1259
AACTAT	2555	2917	711	71.0546
ACCCTC	6053	5616	2580	70.8937
AGTCCC	6053	5473	2521	70.8191
TTGACA	3326	3548	1034	70.5506
CGCCGA	3232	3071	896	70.4787
AAGCCC	6458	6138	2959	70.3137
TCAACA	3611	3797	1172	70.3026
TGCCTC	6776	6600	3299	70.2957
GTCTCC	6451	6367	3055	70.2017
CATGGC	3819	3868	1248	70.1952
AATCGC	1694	1182	265	70.0891
TGAGGC	6099	5901	2713	70.0654
AGGCAA	5148	5047	2032	70.0450
CACCGC	4894	4216	1661	70.0301
CCCTTC	8154	7660	4471	70.0139
AGAGCG	4372	3639	1328	69.9355
TGGGAC	5561	5226	2242	69.6986
ATATCC	2302	2453	569	69.6443
TGTTGC	3507	3446	1053	69.6299
TGATTC	3437	3689	1096	69.5969
TAATGC	2387	2516	597	69.5524
AAAGAG	6937	6778	3450	69.5241
CTCACC	6118	6120	2809	69.3327
CCGTCG	2107	2206	489	69.2837
ATTGAC	2179	2156	493	69.2646
AACACA	4916	5241	2015	69.2336
TCCACC	6113	5755	2656	69.1899
TGACCA	3753	4046	1275	69.0411
CAAGAA	5339	5563	2284	69.0162
ATCGCG	1398	935	198	68.9980
AAGGGC	6162	5802	2694	68.9649
TTTGCC	5006	4957	1949	68.9284
CAATCC	3449	3173	968	68.8526
GCAACC	3670	3240	1037	68.7953
CAACAA	3773	3841	1225	68.7656
CAACCG	2114	1838	426	68.7072
CAGGCA	7018	6600	3401	68.6954
TATGCA	2695	2784	711	68.6939
CCAAGG	6649	6333	3120	68.6228
AAGAGA	6649	6759	3309	68.5296
AATGAG	5005	5028	1972	68.4511
CCGACG	2288	2434	561	68.4197
AATTGG	3358	3169	945	68.4061
TTTCGC	2100	1391	344	68.3836
TGTAAC	2645	2696	682	68.3286
CGTCCG	2624	2634	665	68.2123
ATAGGA	3088	3312	914	68.1528
AAACGC	2732	1965	544	68.0997
TTTGGC	4518	4228	1550	68.0982
ATGATG	3138	3630	999	68.0446
AAAGTC	4445	4510	1616	67.9888
TACGTC	1036	963	166	67.9835
AAGTGC	4227	4097	1424	67.8592
TAAAGC	3788	3875	1236	67.6450
TGTTTC	5715	5814	2520	67.5838
AGCCGA	3246	2948	864	67.4888
TAGTTC	2697	2792	711	67.4812
CAAATG	4702	4926	1831	67.3283
CCCCAA	7210	6718	3538	67.2973
ATTCTG	4955	5090	1973	67.2815
AGTCCG	2582	2241	576	67.1747
CTCTGC	8288	8096	4768	67.1536
AGTCAC	4207	4152	1433	67.1485
GCTTCC	7683	7302	4045	67.1367
AGCCTG	7471	7074	3830	67.0659
TCTGCC	7144	6578	3441	66.9445
CTCCAG	8936	8369	5269	66.9117
ACTGAA	4703	4888	1818	66.9104
ATCTAC	2095	2323	503	66.8981
AGACCC	5694	5576	2418	66.8592
CCCGTC	3806	3621	1170	66.8449
CTCGGA	3686	3573	1126	66.8389
AACAAC	3329	3291	965	66.7848
AAAGGA	7297	7321	3867	66.6815
CCGTCC	4145	4109	1401	66.5879
AACAAG	4360	4474	1575	66.5870
ACAGGT	4174	4647	1567	66.5703
ATTGTC	2678	2727	692	66.4724
ACCCTG	6187	5969	2767	66.4478
TGAGCC	5521	5607	2363	66.4212
AAAGGT	4756	4831	1816	66.4051
ACTCAC	3851	3832	1239	66.4033
CTTGCG	2529	2020	521	66.2311
CTTATC	2532	2649	646	66.2304
GAATTC	2172	2195	494	66.1296
AAGGTA	3312	3525	1016	66.0369
AGAAAC	6159	6059	2792	66.0266
ATGGAA	4749	5012	1872	65.9879
CCGGTC	3184	2975	854	65.9416
CGGCAC	2997	2902	796	65.7793
TCCTTC	7437	7390	3966	65.7142
ACAAAC	4224	4147	1433	65.5836
ATTACC	2344	2433	567	65.5165
GTTTCC	6394	6075	2893	65.4861
ATGCCC	3960	3996	1313	65.4716
AAAGGC	6114	5688	2619	65.4428
AGACAA	4622	4713	1731	65.4309
AATCTC	3951	3803	1256	65.3992
AGTTAC	2778	2780	722	65.3811
AGGGAC	6294	6016	2827	65.3785
TTGGAC	3194	3042	871	65.3628
AGGAGC	7525	7491	4058	65.3188
AATGGG	5103	4687	1878	65.2190
TACAAC	2276	2380	544	65.1599
AACTCC	5055	4478	1789	65.1254
CCCTGA	6657	6635	3248	64.9459
CCACCG	4511	4131	1510	64.9427
CCTGTC	6028	5819	2638	64.8830
TGTCAC	4242	4361	1500	64.6619
GCAAAC	4066	3989	1339	64.5511
GACATC	2990	3045	824	64.4809
ACTTTC	5111	5014	1994	64.4683
TACTTC	3391	3553	1040	64.4619
AGACGC	3332	2816	844	64.2821
TATATC	1886	2211	443	64.2467
TAAACC	3124	3141	876	64.2305
AGCTAA	3093	3301	905	64.0990
CTGGCA	6336	5999	2833	63.9927
AGGTTA	3036	3071	839	63.8022
CACGTC	2547	2522	620	63.7172
TAAGAC	2551	2811	677	63.6390
TCAATC	2483	2515	606	63.5911
CGTCAA	1286	1120	206	63.5552
ACGCCA	2579	2026	526	63.5226
TGGAGC	6498	6325	3039	63.5068
CTGTCA	4981	4898	1907	63.4901
ATCTGA	3929	4263	1374	63.4863
AGCTCC	7009	6825	3488	63.4606
TCAAGA	4077	4356	1445	63.3801
TGAGTC	4008	3859	1283	63.3754
ATGCTG	4415	4693	1652	63.3440
CTATGA	2378	2554	592	63.1582
TGGACC	3900	3899	1264	63.1549
ATCACT	3354	3740	1073	63.1258
AAGTAC	2510	2731	652	63.1070
ACGTCC	2262	2211	508	63.0869
GAACGC	2671	1961	526	63.0236
ATCAAG	3065	3293	894	62.8692
AAGCTT	2439	2350	565	62.8643
ACATCT	3970	4196	1366	62.7644
AAGCAT	3741	4129	1280	62.7366
ATCAGC	3545	3588	1085	62.7244
TCCAGC	7343	6680	3566	62.7120
AGCGAC	2549	2156	546	62.6151
ATGGTA	2228	2623	573	62.5095
ACCGGC	3186	2954	843	62.5084
TTACCA	3090	3327	907	62.4753
CCACCA	5966	5936	2654	62.3244
AGGAAA	8860	8505	5294	62.3031
GAAGCC	6804	6601	3290	62.1955
AACATG	3341	3669	1050	61.9749
TACACA	3534	3692	1107	61.9619
ACGCAC	2425	2114	516	61.9406
CCACTC	6186	5399	2516	61.9144
ATGTTG	2986	3335	882	61.8400
ATCTCA	3968	4128	1344	61.7183
CCATCA	3940	4309	1386	61.6922
CCACAC	5588	5460	2320	61.5168
AAACCG	2363	2173	516	61.4771
TATTGC	2359	2307	540	61.3700
AGGTCG	2444	2217	538	61.3222
AGTCAA	3373	3423	997	61.2513
ACCACC	4724	4734	1761	61.2163
TCACAC	4198	4313	1464	61.0387
CTTCGC	3313	2562	771	61.0340
TAAGCA	3418	3655	1065	61.0164
CCCAAA	6499	6485	3102	60.9638
TCTGAA	5710	5854	2516	60.9187
CTGCCA	6752	6317	3135	60.7601
CATTAC	2314	2474	561	60.7470
AATACC	2541	2865	680	60.6526
TCCCAC	7054	6452	3325	60.5985
TGGCTC	6195	6360	2917	60.5314
TTGTCA	3844	3937	1253	60.5167
AGCATG	3441	3886	1127	60.5158
ACAACT	3554	3461	1050	60.4633
CTGTGC	5940	6218	2751	60.3790
AAAGCT	5254	5212	2104	60.3788
CCTCAC	6282	6159	2869	60.3709
AGAAAG	7933	7820	4417	60.3152
AACATC	3159	3468	952	60.3043
CCGTTA	1272	1061	194	60.2850
TGGGTC	5051	5015	1963	60.2291
TGCACC	4293	4427	1525	60.2089
GAGTCC	5103	4976	1967	60.1427
AAGAGT	4361	4306	1509	60.1389
TCCGGA	1954	1745	375	60.1309
CATCCC	5708	5608	2418	60.1022
AGTTTC	5285	4927	2011	60.0591
TGTGGC	5379	5310	2183	59.8306
AGATGA	4587	4912	1769	59.8132
ATGTAG	2648	2927	714	59.7877
AACCGC	2439	2090	510	59.6018
CTGATA	2725	2944	734	59.5531
TAGGAA	4898	4786	1831	59.4302
CTGCTC	7257	7548	3936	59.3737
CAGGAA	8169	7935	4597	59.3506
ACACAA	4388	4567	1595	59.3053
CATACA	2869	3079	794	59.2811
TTCGGC	2413	1943	477	59.2381
CTGTAA	4014	3967	1306	59.1980
CTAGAA	4003	4180	1363	59.1589
CGAAGC	2884	2602	694	59.0030
CAATTC	3360	3288	956	58.9297
CGACGA	1053	1100	174	58.8249
CAGTAA	3691	3837	1180	58.8061
ACAGTA	3153	3249	897	58.7653
ATCATC	2702	3086	756	58.7425
CACAGC	6713	6634	3255	58.7188
ACAATC	2561	2624	634	58.6373
CATTGA	2922	2836	752	58.5821
CTCCAC	6888	6454	3249	58.5448
ATAGCA	2664	2946	719	58.5304
TTGGCA	4385	4263	1499	58.4619
CTCACG	2847	2743	716	58.4435
ACCTCC	6565	6227	3010	58.3936
ACACCC	4959	4946	1903	58.3639
AGATTC	3824	3814	1209	58.3094
ACAACA	3478	3868	1128	58.2844
TATAAC	1972	2176	444	58.2527
CCTGAG	7470	7327	3930	58.2506
CCTCTC	8737	8078	4970	58.1855
CACATG	3560	4060	1199	58.1359
GAGGAC	5776	5922	2561	58.1294
CACATA	2986	3392	887	58.0905
TTAAGC	2941	2795	746	58.0506
CTAAGA	3506	3640	1078	58.0210
CTCTTA	3834	3965	1252	57.9505
GATGAC	3048	3185	856	57.9479
AACGCC	2625	1957	510	57.8854
CGGACC	3338	3159	917	57.8060
ACTTCT	5091	5373	2095	57.7732
CTCCGA	3616	3493	1068	57.7573
CTAAAC	3038	2934	797	57.7523
AAGTAG	3422	3671	1063	57.7481
ATGAGA	4262	4490	1528	57.6754
AGAGAA	7762	7878	4351	57.6453
CTGCAA	5279	5249	2119	57.6374
AGCCAC	5989	5797	2594	57.5659
AGAGCC	6870	6948	3464	57.4026
AATGGT	3063	3420	911	57.3978
AGTTCA	4032	4105	1346	57.3432
AGATGC	4180	4451	1490	57.3180
CTGACA	4748	4731	1758	57.2907
CTCTCC	9033	8626	5447	57.2810
ACGGGC	3103	2938	811	57.2374
AGTTGA	3314	3386	965	57.1998
TATGGA	2620	2983	714	57.1949
CCGCAA	2484	1950	486	57.1901
CGAGGA	4102	3954	1322	57.1023
CAGATA	3316	3510	995	57.0813
TCGCCA	2658	2088	541	57.0756
AGATGG	5140	5334	2097	56.8990
ATGTAC	1960	2158	437	56.8833
ATGAAC	2967	3227	844	56.8807
TTGAAC	3010	3190	846	56.8549
CGTTTC	3022	2449	682	56.8505
TAAGGA	4142	4334	1443	56.7874
ACATGC	2957	3285	854	56.7862
CATGGA	3737	3871	1197	56.7561
AGAAGC	6405	6370	3000	56.7248
ACATGA	3080	3560	945	56.6597
TCGCTC	3365	2974	875	56.5418
ATATGG	2274	2576	564	56.4411
CAACAG	4342	4593	1581	56.3932
CTGGTC	4723	4865	1791	56.3241
CACCGG	3523	3570	1061	56.3116
CAAAGG	6076	6188	2784	56.2226
TATAGC	1706	1847	348	56.1072
AGCACA	4885	5431	2034	56.0994
AAGGAG	7603	7353	4001	56.0983
CCGGCA	4115	3751	1264	56.0427
TACAGA	3931	4251	1354	56.0340
CCCATC	5492	5271	2199	56.0278
CTCTCG	3794	3399	1083	55.9888
AACGGC	2076	1742	386	55.9671
AGATCA	3314	3636	1022	55.8857
AGAGGA	8016	7766	4418	55.7988
ATTCTC	4455	4530	1596	55.7433
ACGGCC	3355	3263	942	55.7263
CTTGGC	5877	5546	2445	55.6089
ATAACC	2396	2463	566	55.6021
ATGCTA	2411	2747	621	55.5532
CGACCG	1959	1975	406	55.5403
AGGAAG	9212	8940	5731	55.5367
ATGTCC	3092	3352	899	55.4881
AGTAAG	3095	3416	914	55.4242
CATAGA	2647	2778	676	55.3681
AGTGGG	6862	6072	3053	55.3094
GTTACC	2468	2368	561	55.2577
AAAGCG	3152	2404	692	55.2274
ATACAG	3157	3333	910	55.2260
TGATGC	2958	3458	888	55.0511
AGTTGC	3408	3174	931	55.0289
TGTTAC	2734	2800	698	55.0096
ACAGCC	6183	5885	2699	54.9965
CAGTGA	5290	5336	2147	54.9428
CGCAGA	4142	3661	1242	54.9020
TAGTCA	2318	2542	564	54.8767
CTAACA	2952	3097	808	54.7787
TTGGGC	4862	4604	1746	54.7662
TCTGCA	6043	6151	2751	54.7380
CTATTC	2688	2816	691	54.7162
CGACTC	2575	2135	533	54.6527
AGCTCG	3018	2968	794	54.5899
TTGACC	2911	2975	772	54.5763
CGTCTC	3495	3116	935	54.4470
CGCCTA	2107	1432	334	54.3818
CACACA	5574	5886	2456	54.3619
AGCTCA	4860	5076	1902	54.3031
CTTAGA	3487	3681	1075	54.2847
GGAACC	5282	5011	2025	54.2538
GAGCTC	3360	3651	1034	54.2102
TATTCC	3404	3514	1012	54.1754
AACAGA	5167	5467	2146	54.1109
CCGTCA	2250	2123	476	54.0831
CTTGTA	2875	2976	763	53.9350
CAGTTA	3211	3422	941	53.8953
TGCTCC	6462	6716	3165	53.8309
AGCATC	3896	4397	1378	53.8276
AAGTCC	4616	4416	1605	53.7593
CCAAAG	6026	6053	2701	53.5991
AGGATG	5252	5517	2194	53.5698
ATGGCA	3791	3974	1232	53.5319
GAAACC	5139	4994	1968	53.4928
CTGTCG	2438	2334	546	53.4490
CCAGTC	5435	4765	1983	53.3086
CTTCCC	9371	9055	5887	53.3036
CCGAGA	3782	3517	1106	53.2876
AAAGAC	4947	4916	1875	53.1770
CGCACA	2981	2765	738	53.0739
AACTGT	3988	3991	1291	53.0686
TGCATC	3332	3542	998	53.0642
ACACCT	4446	4825	1677	53.0551
ATAGCT	2477	2587	600	52.9303
TCTGGC	6170	6004	2737	52.8447
CACAGG	6488	6831	3223	52.7327
TTACAC	2816	2731	696	52.5975
ACACGC	2713	2521	632	52.5656
ACTAAG	2814	2786	707	52.5217
AAGACA	5211	5312	2103	52.5120
TTGCAC	3298	3374	948	52.4540
TACTGA	3202	3346	918	52.4436
ACCTCA	4723	4734	1738	52.3913
CACTTA	3320	3482	979	52.3461
AGAATC	3972	4230	1351	52.1711
CATGGG	3937	3997	1276	52.1188
ATGCAT	1637	1871	335	52.0825
AACCTG	4808	4783	1781	52.0382
TGCCAC	4819	4712	1761	52.0186
ACATTC	3794	3981	1231	51.9811
AATCCG	1841	1528	314	51.9638
CTGTTA	3484	3549	1036	51.9566
AGTCGC	2363	1769	425	51.9247
GACTGC	4517	4049	1454	51.7916
TGATCA	1409	1680	276	51.7655
ACTAAC	2164	2118	457	51.7609
AACCAT	2943	3387	862	51.7205
ATCTTC	3985	4346	1386	51.6932
ACAAGA	4119	4393	1440	51.5688
TGCTTC	5654	5903	2486	51.4833
TCCGAC	1971	1927	394	51.4085
TCTACA	3257	3384	938	51.3922
CCAGAC	5603	5564	2337	51.3587
ACACGT	1951	2037	408	51.3361
AATCCT	4408	4570	1582	51.3084
AGCACC	5098	5371	2079	51.2627
ATGGCT	3840	3877	1214	51.2603
CATTCC	5065	4737	1847	51.1737
AACAGG	5087	5234	2027	51.0848
ACGGAA	2469	2107	504	51.0531
ATGTCT	3618	3708	1109	51.0485
CTTTCC	8364	7925	4668	51.0281
AATCGG	1610	1319	254	51.0171
GATTAC	1860	1913	374	50.9932
AAGAAG	6413	6474	3031	50.9927
ATCTCC	4762	4683	1730	50.9145
ACACAC	4610	4863	1738	50.8892
ATGTTC	3089	3444	909	50.8736
ATGTGG	4060	4347	1407	50.8497
TGGTGC	4342	4448	1523	50.8148
TCCGCA	3272	2887	822	50.8125
AATAGG	3243	3315	917	50.7651
ACCCCT	5884	5487	2410	50.7027
CTTAAC	2946	2968	770	50.5463
TCATAC	1881	2122	408	50.4928
CGCTAC	1571	1226	236	50.4846
CTGGAA	7425	7242	3843	50.4427
ATCTGC	4083	4106	1344	50.3816
ACTTAC	2454	2686	609	50.3077
CCACAG	7034	6905	3498	50.2418
CCATGC	3461	3520	1019	50.2342
ACCAGC	5165	5050	1987	50.0251
ATCAAC	2273	2378	518	50.0158
ATTCCT	5341	5293	2136	50.0156
ACCATG	2846	3328	822	49.9828
CAGTGG	6199	5927	2708	49.9715
ACTTGA	3601	3791	1123	49.8888
CATCTC	5105	5243	2033	49.8304
CAGACC	5346	5557	2233	49.8077
TTCAGC	5171	4820	1907	49.8012
GCACAC	4312	4743	1599	49.7576
ACAAGT	3385	3575	1012	49.7431
AGGCAC	5143	5069	1985	49.6405
AAGTGT	4183	4288	1424	49.6148
ACAGAA	6080	6399	2852	49.6123
CAGAAG	7064	7211	3653	49.6097
ATGCTC	3291	3747	1028	49.6090
AGTATC	2114	2446	499	49.5606
CAATTG	1251	1175	194	49.5423
AGGCGA	3527	2785	846	49.3666
CGGTGA	2788	2722	682	49.3381
TAGGCA	3300	3142	886	49.2752
AAAGCC	6133	5727	2597	49.2547
AACCAG	4875	4899	1834	49.1784
TTTACC	3519	3651	1064	49.1382
TTGGTC	3615	3469	1042	49.1218
CCATAA	2638	2905	687	49.0994
CTTTAC	3520	3651	1064	49.0282
CGAACC	1860	1663	333	48.9546
CCGTGC	3303	3486	968	48.9466
GTGCAC	1899	2072	401	48.9212
CGCTCA	3213	2936	817	48.8801
TACGGC	1271	1112	188	48.8587
ATCCCG	2864	2501	649	48.8039
TCTCCA	7467	6824	3651	48.7943
ATACTG	2702	2949	709	48.7795
GACACC	4244	4566	1522	48.7695
CGTGTC	2349	2430	539	48.7561
CCATGA	3477	3651	1052	48.6988
CCAAGC	5701	5282	2257	48.6836
TCTAGA	1988	2153	428	48.6764
ATAAGG	3009	3146	819	48.6658
CTTGAC	3304	3446	958	48.6181
CACCAA	4400	4343	1503	48.6098
GCATCC	4264	4340	1461	48.5978
CCTATA	1969	2220	435	48.5934
AGATAG	2755	2845	699	48.5873
CTCGCA	2924	2557	672	48.5847
AAGAAC	4408	4614	1588	48.5339
CCAAGA	5550	5507	2287	48.4317
CGTCCA	2641	2374	581	48.3820
AAGGAT	4241	4464	1490	48.3751
CATCTG	4967	5337	2011	48.3124
CACTCA	4862	4746	1776	48.2732
AATCCC	4515	4204	1493	48.2350
AAGAGG	7360	6811	3594	48.0239
ACCGGG	3493	3545	1028	47.9620
ACTGAT	3049	3292	859	47.9594
ATCCAA	3325	3435	959	47.9317
ATCTCT	4829	5005	1850	47.9022
CAACTA	2348	2580	564	47.8821
TGGTTC	4010	4218	1348	47.8795
CAGAGA	7605	7559	4080	47.8762
CCTTTC	7662	7183	3918	47.8442
CAGTGC	5350	4855	1973	47.8259
CACCAG	5784	5901	2526	47.8162
TCACCA	4543	4751	1672	47.7974
CAACCA	3839	3825	1191	47.7619
AGCTGA	5469	5389	2211	47.7481
TGAGCA	4775	5241	1908	47.7466
CAACAC	3547	3671	1073	47.7398
TTCCCA	7845	7322	4076	47.6692
AAACCC	5250	5113	2032	47.6546
AACTAG	2662	2727	654	47.6314
GATGCC	3808	3932	1211	47.6138
CTTTGC	5664	5672	2390	47.5542
AGAAGG	7506	7249	3876	47.5529
CGGACA	2428	2250	518	47.5489
CTGAGA	6609	6339	3045	47.4326
ACATCC	3681	3747	1127	47.3943
AGACTC	4477	4427	1549	47.3912
ATGAAG	4461	4781	1653	47.3295
GCTCAC	4569	4741	1676	47.3026
TACCTA	2279	2457	528	47.2990
GTGTCC	4820	5135	1888	47.2934
GTCCAC	3709	3716	1126	47.2765
ACAGAT	3916	4322	1347	47.2539
TCAGGA	6096	6236	2785	47.2276
ATTAGG	2942	2935	755	47.2218
ATATGC	2175	2420	502	47.1941
ACTACG	1147	926	153	47.1547
CATCTA	2769	3036	738	47.1496
ACCTGA	4481	4758	1652	47.1456
ATAGGC	2274	2218	485	47.1370
AGAACA	5010	5501	2079	47.1237
GAAGTC	4543	4375	1552	47.0809
TAGAGA	4287	4466	1501	46.9370
AGGGAA	8086	7734	4409	46.8841
AACTCA	4153	3982	1319	46.8726
CAGCGA	3608	3057	928	46.8389
TGGCAC	4223	4252	1418	46.8204
TGAAGC	4640	4679	1678	46.8035
ACGCGT	671	572	81	46.7840
GACCAC	3668	3724	1116	46.7614
CTTCTC	7731	7500	4109	46.7528
CTGTTC	4807	4951	1821	46.6209
TCACCC	5421	5310	2161	46.6165
TCGGAC	1741	1703	319	46.5810
TGGAAC	4070	4003	1301	46.5447
AGCACG	2578	2563	603	46.5377
GAGCAC	4366	4913	1659	46.5349
AACCAC	3965	4143	1310	46.3854
CCTCGA	2538	2360	556	46.3761
ACCATA	2045	2419	476	46.3623
TGCAAC	3034	2850	754	46.3541
AGCGTG	2919	2702	698	46.3530
CGAGTC	2593	2346	563	46.3436
GCAAGC	4102	3960	1297	46.3151
TCCTAA	4116	4368	1418	46.2599
CTCTTC	7433	7227	3826	46.2369
CCTTCG	3389	2909	842	46.2323
ACCTTA	2713	2774	671	46.2277
CCTTGA	4517	4652	1628	46.1305
CGTCGA	829	745	107	46.1192
AACTCT	4528	4430	1562	46.0976
TTGCTC	4498	4592	1603	46.0318
CCCTAA	4107	3900	1280	45.8988
ATTGGG	3683	3302	1007	45.8558
TCTTCA	5517	5593	2299	45.8551
TACCGC	1500	1176	216	45.8395
CCCTAG	4532	3754	1349	45.8385
CCATTC	4511	4219	1490	45.8222
ACAGGC	5500	5353	2203	45.7966
ACAGGA	5859	6075	2618	45.7899
ATACCT	2529	2811	639	45.7883
TACGAC	681	635	86	45.7293
CGTAGC	1588	1314	244	45.7270
AGAGCT	5936	6020	2627	45.6205
CACGGG	3639	3851	1138	45.5454
CTTCTA	4180	4277	1409	45.5086
ATGTGC	3226	3475	938	45.4590
ACTCAT	3134	3175	847	45.4023
GATAAC	1997	1975	396	45.3793
CACATC	3862	4076	1259	45.2696
ATCGCC	1940	1492	311	45.2232
AGACGG	3103	2908	779	45.1737
ACCGAG	3018	3063	795	45.1139
ACCTTG	4066	4066	1314	45.0981
CACGGC	3649	3632	1083	45.0875
TATCTC	3045	3113	812	45.0652
CACTCC	6092	5285	2386	44.9500
ATGGAG	5034	4948	1892	44.9488
ATCTGG	4564	4626	1631	44.7516
AAGTCT	4358	4486	1523	44.7500
CAGGTA	3652	3989	1175	44.7391
GATATC	856	880	120	44.7272
TTAGCC	2893	2841	719	44.6908
ACCAAC	3056	3115	814	44.6505
TCCGTC	2684	2680	643	44.6437
TCTTAC	2891	3246	804	44.6286
ACATGG	3410	3843	1071	44.5753
ATGGGC	3898	3786	1188	44.5521
CAGACA	5483	5507	2250	44.4835
CCGAAG	3379	2999	858	44.4728
CGAGAA	2695	2300	568	44.4691
TAGCCC	3418	3123	897	44.4339
ACGCGA	1535	1282	232	44.3820
TAGCTC	3032	3111	807	44.3504
ATGGTG	3471	3867	1093	44.3503
ATCCCC	4951	4815	1817	44.3221
ATAAGC	2501	2655	601	44.3069
TCATGA	1590	1908	321	44.2332
ATGCCA	3674	3812	1134	44.2017
ATAGTC	1751	1916	347	44.1781
AAGCGA	2336	1848	423	44.1334
ATACCA	2303	2719	572	44.0833
ATCACG	1410	1358	227	44.0266
ATGATC	2010	2496	477	43.9682
GAGACC	5381	5257	2119	43.9182
ACTGAG	5470	5237	2143	43.8271
TCCCGA	3421	3252	928	43.8188
TTAGAC	2283	2273	490	43.7250
AGGACA	5580	6053	2489	43.7191
GCGAAC	1864	1528	305	43.6958
ATTGAG	3074	2919	772	43.6814
AATGCC	3869	3658	1143	43.6612
CATAAC	2016	2139	422	43.6517
AAGGTG	5233	5082	2003	43.6361
ACAGGG	5896	5928	2568	43.6223
AAGGAC	4725	4916	1773	43.6041
TAGCGC	1767	1221	247	43.5995
CAATGC	2976	2732	710	43.5675
ACCTAA	2933	3145	790	43.5512
GCCTAC	2735	2617	638	43.5166
AACAGC	4968	4656	1766	43.5080
TAACCC	3035	2846	747	43.4649
AGCTTG	4185	3959	1312	43.4372
AGATTG	3110	3153	832	43.4350
AGCACT	4437	4415	1522	43.4264
CCTCAA	4912	4787	1792	43.4052
TTCCTC	8386	7880	4630	43.3991
ACACAG	5747	6110	2578	43.3770
GATCCC	3980	3906	1240	43.2648
AGTGGC	5210	4723	1866	43.2193
GCAGAC	4718	4720	1706	43.1895
CTAGGC	3849	3214	1015	43.1271
ACCAGG	5648	5748	2399	43.1227
CCAACC	5008	4589	1754	42.9400
CTGTGA	5647	5804	2419	42.8390
CGCGTA	885	729	107	42.8028
AAGACT	4321	4406	1482	42.7769
TTAGTC	2288	2307	495	42.7540
AACCCC	5340	4829	1945	42.7278
CATCAG	3990	4532	1415	42.6199
ACCTCT	5263	5322	2096	42.5915
TTCCAC	5434	5025	2048	42.5793
ACATTG	2977	2929	751	42.5593
CTGCGA	3368	2786	799	42.5475
ATAGAG	2905	3149	782	42.4874
TCTGTC	5346	5373	2144	42.4459
TTACGC	979	792	120	42.3916
CCTTGC	5450	5315	2160	42.3098
AGCTTA	2686	2703	643	42.2620
CTAAAG	3801	3823	1166	42.2461
CATGTC	2807	3052	739	42.2070
ATCCAT	2938	3301	821	42.1049
TAACTC	2926	2803	712	42.0811
AGAGTA	3156	3385	892	42.0649
ATTCAG	4372	4613	1558	42.0627
TCCAGA	6360	6546	3010	42.0530
AGTGCC	4575	4263	1512	42.0491
CAGCAA	5484	5314	2171	42.0388
AACGTC	1714	1453	273	42.0141
CATGAG	3276	3599	971	41.9657
ACCTCG	2890	2750	693	41.9295
ACTAGA	2746	2815	677	41.9294
CAAGGG	5651	5640	2355	41.8765
ACGCAA	1668	1281	243	41.8665
ATGAGC	3229	3479	931	41.8646
TTCTAC	3418	3434	967	41.8392
CCAACA	4127	4420	1424	41.8391
CAACTC	4232	3748	1258	41.8220
TTCGCC	2687	1985	497	41.8185
TTGTGC	3503	3656	1043	41.8062
ACTACT	2367	2575	555	41.7986
TGATCC	2921	3064	766	41.7761
CTCACA	5058	5115	1948	41.7473
AGGAGA	7765	7868	4297	41.7003
CGTTAC	1098	974	148	41.6964
TATCCA	2710	2780	662	41.6872
GAGTGC	4061	3710	1202	41.6865
AGTCCA	4270	4004	1344	41.6761
TTGCCC	4932	4757	1783	41.6104
CGTTAA	1224	1104	174	41.5845
ACTGTA	3146	3136	832	41.5824
CCGTTC	2322	2039	451	41.5813
CATGCA	3335	3523	967	41.5157
CCCGAA	3004	2723	709	41.4731
CACCAC	5135	4964	1921	41.4325
CTTGCA	4131	4368	1409	41.3676
ACAGCT	5290	5136	2035	41.3451
ACTCAA	3618	3521	1037	41.3445
ACGCTC	2591	2522	587	41.3162
CACTAA	2926	2961	744	41.2666
TGAACC	3330	3451	948	41.2591
CTTTCG	2433	1844	431	41.2587
CACCTA	3233	3274	883	41.2472
AAACCT	4978	4846	1827	41.1937
CAACGC	2204	1688	371	41.1783
ACTGCA	4756	4444	1622	41.1675
AACAGT	3818	4097	1241	41.1656
CAAGTG	4192	4472	1457	41.1293
AACTGC	4506	4142	1451	41.0542
TGTCTC	5362	5395	2153	40.9344
TTATCC	2961	2888	735	40.9230
CCACAA	4544	4402	1543	40.8280
AGAACT	4785	4883	1774	40.8182
TATACC	1577	1809	301	40.7962
CAGCAC	5828	5919	2528	40.7628
TTCTCC	7818	7555	4160	40.7406
AGTCTA	2505	2583	581	40.7336
TAGCGA	1214	926	152	40.7149
TCATCC	4196	4314	1411	40.6645
AGCGCT	2128	1866	390	40.6606
AGCGTC	2922	2566	657	40.6584
ATCCAG	4595	4636	1632	40.6476
CCGCTA	1804	1408	275	40.6384
GATCAC	2325	2481	528	40.6065
AGGATA	3038	3163	811	40.5597
AGACTA	2687	2716	642	40.5015
CCGTAG	1682	1518	276	40.4958
CGTTCC	3012	2541	668	40.4817
CGTAAA	1344	1217	198	40.4440
AAAACG	2999	2270	605	40.4048
CGCAAA	2293	1725	388	40.3366
TGGTAC	1928	2110	397	40.2974
TGAGAC	4067	3937	1264	40.1257
ACGCAG	3519	3024	884	40.0851
ATCAGG	3867	4024	1232	39.9587
CCTAGC	4096	3356	1104	39.9177
CCCTTA	3701	3487	1045	39.9030
AGTGTC	3814	3871	1176	39.8925
TAGACA	2789	2848	688	39.8253
TCGTCC	2351	2199	481	39.7860
ACAGAC	4449	4591	1569	39.7761
TCTCTC	6749	6674	3229	39.6984
TATCAC	2131	2434	482	39.6648
TACGCC	1278	949	159	39.6607
ACTCCG	3247	2618	728	39.6317
TCCCAA	5843	5639	2420	39.5950
CAAACC	4591	4609	1619	39.5899
AGAGCA	5818	6255	2651	39.5671
CTGCAC	5556	5597	2295	39.5218
AACCTC	4372	4257	1443	39.5166
ACTTGC	3311	3532	958	39.5142
AACACT	4005	4123	1297	39.4379
AACCCT	4646	4397	1568	39.3867
CTTACA	3091	3288	848	39.3475
ACGACG	1100	1145	163	39.3330
ACTGGC	4726	4388	1589	39.3081
TCTGAC	4288	4329	1439	39.3036
AACCCG	3037	2559	674	39.2783
CAGTAG	3406	3300	925	39.2775
AGTCCT	5139	5186	1993	39.2230
AGTGCA	3895	3699	1149	39.1855
TCAGTC	4306	4055	1362	39.1178
ACGAGC	1892	1989	371	39.0916
TGGTCC	4448	4413	1512	39.0725
GAACCC	4810	4447	1633	39.0361
CACTCG	2651	2323	554	39.0217
ACCAGA	4553	4810	1668	39.0175
CGTGGA	3216	2974	804	39.0100
GAATGC	3583	3277	960	39.0061
AGATAC	2557	2920	651	38.9931
CTCCAA	5945	5618	2448	38.9329
AGACCA	4258	4530	1488	38.9242
AAACGG	2623	2202	525	38.9078
CCCAAC	5341	4853	1942	38.8880
TTCTGC	6276	5968	2720	38.8862
CATCCA	4219	4501	1467	38.8116
CTCATA	2472	2467	549	38.7300
TGTGTC	4462	4915	1669	38.6994
CACGAC	1694	1686	298	38.6903
ATCCTA	2766	3063	724	38.6897
ACAGTG	4669	4731	1680	38.6874
TACCTC	3180	3339	879	38.6807
TATCGC	801	547	81	38.6775
AGACAG	6063	5781	2558	38.6499
GTAACC	2339	2178	473	38.6367
AACCGG	2387	2267	497	38.6006
TTGAGC	3441	3449	968	38.5912
TAGAAC	2667	2906	671	38.5826
AACCTA	2745	2784	663	38.5374
TCGGAA	2319	2071	450	38.2735
CCATAG	2522	2615	585	38.2418
CGCATC	2027	1835	366	38.2121
GATCGC	1479	1184	205	38.1579
CCGTGA	2490	2558	568	38.1429
CGAGAC	2494	2239	509	38.1028
TACTCA	2889	3016	740	38.0162
TAAGTC	2457	2583	566	38.0133
CACAGA	6309	6666	3024	37.9760
CCAAAC	4925	4866	1806	37.9517
TAGTGA	2676	2868	664	37.9352
AAGCTG	5908	5629	2435	37.9323
TCGTCA	1401	1261	206	37.8602
CTACGC	1597	1225	222	37.7772
ATTACG	877	765	105	37.7594
TCAGAC	4067	4081	1298	37.7358
AAGCAG	6493	6671	3107	37.7132
CACTGC	5880	5625	2422	37.6913
AAGGCT	5653	5437	2264	37.5730
GAAGAC	4898	4780	1767	37.5614
AAGCTA	3039	3109	792	37.5124
AGTTCC	4897	4469	1662	37.4666
CCACGG	4136	4152	1337	37.4015
ACGTAA	1247	1120	173	37.3955
GGATCC	2525	2372	538	37.3925
ACATAG	2325	2588	540	37.3723
ATACAC	2562	2780	622	37.3329
AAACGT	2317	1876	413	37.2976
ACTCGC	2569	1988	471	37.2647
CAAGGA	5724	5860	2452	37.2613
CACGCA	3048	2840	734	37.2449
AACACG	2068	2008	398	37.2179
TGTTCC	4866	4893	1793	37.2156
AGATCT	1940	2221	410	37.2090
TTACCC	3116	2929	768	37.2060
TCAACC	3001	2890	735	37.1500
TAGTCC	2618	2439	567	37.1396
CTCAGA	6415	6427	2966	37.1262
AGGTAG	3725	3860	1141	37.0451
ATGGTC	2307	2729	560	37.0382
CGTAAC	960	864	120	37.0026
ATCCCA	4802	4747	1723	36.9981
TACTAC	1701	1913	327	36.9381
AAGATC	2941	3248	798	36.9335
TCGAAC	1023	832	122	36.9292
ACGTTA	1180	1123	166	36.8963
TTACTC	3052	3094	790	36.8595
AAGGCA	5945	5964	2579	36.8412
TGACAC	3534	3842	1084	36.8053
CCCCTA	4326	3794	1282	36.7432
AGTGTG	4731	4778	1709	36.6940
TCCACA	5139	5061	1941	36.6802
CTGGTA	3029	3115	789	36.6784
ATGACC	2761	2978	701	36.6457
TACAGC	3331	2988	826	36.6149
TCACTC	4734	4520	1626	36.6068
ATGGAC	2711	2796	654	36.6001
CATGTA	2375	2838	592	36.5988
CAGTCG	2319	1838	405	36.5243
CGGATC	1933	1617	316	36.5068
CAACTG	3876	3870	1183	36.5036
CAAGTA	2759	3047	714	36.4827
CGGTCA	2073	1963	390	36.3903
CTATCA	2259	2481	507	36.3818
CTAGCC	3484	2900	836	36.3693
ATCGGC	1478	1157	199	36.3520
AAGGTC	3824	4022	1209	36.3246
ACGTAG	1289	1219	187	36.3049
ACATAC	2520	2796	614	36.2951
CTCGAC	1748	1472	271	36.2224
CAAGCC	5261	5102	1996	36.2175
GAAGGC	6615	6193	2945	36.2082
TTGTAC	2119	2273	447	36.1877
GAATAC	2264	2431	499	36.1727
AAGCCA	5755	5722	2407	36.1654
ATCACC	3207	3510	918	36.1516
ACTACC	2211	2292	466	36.1376
TAGATC	1748	1973	341	36.1239
ATGAGG	4528	4570	1576	36.0831
CGAACA	1379	1268	202	36.0654
TGCACA	4432	4844	1629	36.0568
CAAAGC	5595	5441	2239	36.0455
ACCAAG	4357	4327	1449	35.9867
CAGACG	3104	2825	739	35.9567
TAACAC	2683	2782	644	35.9514
TGTACA	1590	1645	274	35.8941
CATCCG	2147	1986	404	35.8452
TGTATC	2325	2694	555	35.8271
ACTCCT	5354	5070	2015	35.7721
CTGCTA	3515	3503	992	35.7708
CGCTAA	1402	1038	176	35.7536
TCTATC	2448	2548	553	35.7526
TCTAAC	2634	2764	630	35.7300
TATGTC	2110	2289	447	35.6835
GCCAAC	3569	3622	1035	35.6450
AGTAGA	3120	3340	857	35.6145
ACCACG	2549	2375	539	35.6105
AGAGAG	7259	7159	3673	35.5624
CATCGC	2112	1736	357	35.5583
CACACG	2889	3045	740	35.5166
AAGCAC	4375	4530	1514	35.4916
ATCTAG	2441	2553	552	35.4887
AGGTTC	3941	3948	1219	35.4685
CTCTAA	3829	3978	1196	35.4185
AGTCAG	4854	4788	1748	35.3225
ATTGCC	2801	2678	645	35.2229
CTAGCA	2983	2823	712	35.2098
ACCTAC	2578	2783	621	35.2078
CCTTAG	3807	3673	1108	35.2007
CACTGG	5889	5606	2409	35.1648
AGCGAA	2375	1744	393	35.1642
TACATC	2313	2490	516	35.1455
TTGTCC	4151	4276	1370	35.0964
TAGCCA	3302	3073	836	35.0740
AACGAA	1841	1511	286	35.0562
TCAAGC	3355	3225	884	35.0406
CATAAG	2230	2423	489	35.0120
CATATC	1988	2208	412	34.9999
ACTTGG	4739	4639	1661	34.9911
ACCACA	4239	4486	1457	34.9579
AGAGAC	5728	5506	2309	34.9504
CTCATC	4207	4372	1414	34.9480
CGGTTA	1184	1050	156	34.7681
CTAGGA	4266	3992	1319	34.7416
ATGCAC	2958	3133	772	34.7392
ACTCTA	2725	2859	665	34.7322
TCCAAC	3771	3566	1069	34.7249
CCTGAA	5948	5955	2569	34.7186
AAGCCT	5581	5422	2222	34.7035
CTCGTC	2349	2423	510	34.7033
TCATGC	2720	3048	701	34.6108
AGTCGG	2669	2305	544	34.5953
ATGGGA	4930	4790	1771	34.5760
CCGACA	2036	2046	394	34.5704
AAGACG	2393	2037	448	34.5338
CGATCC	1702	1481	264	34.4963
CCGAAC	1905	1743	328	34.4880
ACTCGG	2961	2709	681	34.4178
GACGAC	1640	1583	270	34.3939
CTTCAG	6372	6205	2843	34.3439
TACCAC	2448	2621	563	34.2945
CAGTCA	4526	4241	1467	34.2374
AGTAGC	2868	2727	666	34.2326
ACAAGC	3591	3538	1015	34.1010
CAATAC	2108	2118	416	34.0886
CTGATC	2985	3122	774	34.0618
AGAGTC	4398	4429	1486	34.0456
ACTGTC	3833	3646	1104	34.0219
CACCGA	2582	2614	587	34.0206
TAGCTA	1127	1142	159	34.0190
AAGCTC	4693	4676	1655	33.9957
TGCGAC	1717	1424	257	33.9936
AAACGA	2126	1773	362	33.9122
ATCCTG	4923	5081	1864	33.9116
ACACTC	3836	3764	1136	33.8612
ACCTAT	2146	2261	445	33.8574
AACCTT	3899	3887	1186	33.8439
AATCGA	1146	961	142	33.8346
CAAGAG	5357	5359	2114	33.7908
TAAGCC	3052	2898	739	33.7434
ATAGTG	2153	2348	460	33.6911
ATGCGG	1867	1647	307	33.5982
CCTACC	4165	3904	1262	33.5741
GACAAC	2809	2847	677	33.4821
CCGTAA	1188	1176	168	33.4512
ATTCGG	1578	1287	222	33.4309
TCGAGC	1748	1639	290	33.4186
GTACAC	1827	1880	335	33.3773
TCCTCA	6468	6395	2961	33.3635
GATTGC	2361	2224	474	33.3363
TCCATC	4522	4670	1596	33.2791
GAATCC	3931	3873	1189	33.2390
AGCCTA	3271	3162	845	33.1798
AGCAGA	6263	6638	2974	33.1216
AGGTAC	2345	2660	547	33.0901
TTCACC	4464	4169	1423	33.0764
AGTGGA	5076	4734	1794	33.0482
CAGTTC	4893	4531	1667	33.0052
TCGACC	1360	1118	178	32.9252
ACTGCC	5133	4906	1872	32.9180
GCTTAC	2171	2102	421	32.8396
GTTCCC	5721	5354	2240	32.7987
ACCGAC	1749	1700	297	32.4762
ACACCA	3950	4235	1291	32.4679
ATCGGA	1276	1143	172	32.4423
CAAGCG	2592	2114	489	32.4208
TCTAGC	3058	2858	728	32.4094
CTACGA	1052	940	130	32.4020
CTTACC	2971	3040	749	32.3872
TCGTAA	920	833	109	32.3769
CGTGCA	2406	2551	538	32.3654
AGACCG	2519	2309	514	32.3050
CTTCCA	6971	6871	3391	32.2764
AGTTGG	4265	4111	1346	32.2321
ACTGGG	6336	5630	2576	32.1914
CAAGTC	4004	4044	1253	32.1846
ATGCCG	1678	1391	245	32.1549
ACCCGA	2485	2322	510	32.0486
CCTATC	2536	2313	517	32.0093
CCCATA	2675	2680	613	31.9955
ACTTCG	1876	1432	273	31.9178
AGCTTC	5403	5269	2091	31.9070
AAGACC	4126	4285	1355	31.8864
ATCGAT	392	370	40	31.8561
CGGCAA	2252	1865	391	31.7710
AACGGA	2212	1834	380	31.7525
ATCGGG	1643	1523	258	31.7264
ATCTCG	1619	1432	243	31.6871
ACGGCA	2113	1908	378	31.6818
CCTAAC	3040	2957	744	31.6495
TAAGGC	3125	2966	764	31.6301
AGACCT	4555	4860	1660	31.6076
GTAGAC	1991	2034	379	31.4723
TTAGGC	2862	2564	624	31.4713
AACTGG	4826	4566	1652	31.2993
TGGATC	3001	2954	734	31.2463
AATGCG	1693	1196	218	31.2280
CAACGG	1915	1674	313	31.1999
TCTCAC	4765	4623	1651	31.1369
AATTCG	1382	1046	169	31.1204
CATGAC	2520	2830	608	31.0972
GTTCAC	2999	2995	742	31.0907
GTTAAC	1234	1238	176	30.9982
CAACGA	1384	1189	186	30.9734
ACCCAT	3132	3258	829	30.9549
TCACGA	1433	1416	218	30.8771
AGCAAG	5173	5369	2040	30.8059
CGACAC	1720	1736	295	30.7934
ACCATC	3003	3435	836	30.6714
AGTCTC	4921	4580	1684	30.6531
CAGAAC	5002	5070	1876	30.6468
AGGAAC	5404	5144	2041	30.6383
ACCTAG	2997	2818	702	30.5694
AACACC	3912	3985	1206	30.5619
ACTGGA	5011	4619	1725	30.5456
AGTGTA	2612	2727	606	30.5202
CTACAG	3802	3874	1146	30.5067
AGAACC	4556	4618	1581	30.4419
ACGACC	1608	1474	245	30.3400
GTAGCC	2955	2739	676	30.3399
CTATCG	770	583	75	30.3236
AACCCA	4938	4752	1746	30.3075
ATCCGC	1999	1615	313	30.2793
AGTTCG	1575	1251	212	30.2011
ACATGT	1655	1952	313	30.1656
AGTCTG	4811	4873	1744	30.1490
ACAGAG	6376	6425	2922	30.1455
ATGCAG	4472	4418	1492	30.1040
CACTGA	5076	5104	1911	30.0618
CTAGAC	2451	2352	505	30.0330
CTAGAG	4168	3968	1270	30.0172
CTGAAC	4245	4252	1374	29.9155
CTTGCC	5219	5102	1959	29.8701
TGATAC	1847	2303	391	29.7964
AGTATG	2229	2481	487	29.7947
TACTGC	2892	2844	684	29.7695
CTCTCA	6046	5742	2503	29.7657
CCTTAC	2998	3008	741	29.7620
TAGGGA	4448	4109	1389	29.7532
TATGGC	2038	2094	392	29.6985
AGACTG	5078	4848	1822	29.6612
ACTCCA	5072	4599	1734	29.6491
GATCTC	3259	3290	862	29.6137
ACCGCT	2445	2100	457	29.5876
CGATTC	1464	1215	195	29.4872
TCTTCC	7989	7775	4318	29.4850
CTAAGC	3087	2925	741	29.4677
GAACTC	3994	3772	1166	29.4502
ATACTC	2060	2339	433	29.4371
ACTGTG	4738	4731	1671	29.3304
CTAACG	1279	1071	160	29.3105
GAGAAC	4755	4625	1642	29.3019
CAGTCC	5719	5136	2142	29.3014
CAAGAC	3824	3852	1142	29.2259
CCACGA	2433	2330	496	29.2204
AGTACT	1382	1404	208	29.1835
CACTAC	2355	2248	468	29.1547
CGATGC	1566	1490	240	29.1339
CTCAAG	4603	4657	1603	29.0001
ACCCGT	1745	1663	285	28.9468
CTAGCG	1903	1420	269	28.9216
AGTACA	2670	2818	631	28.8835
CACAAC	3402	3302	896	28.8789
ACTATG	2098	2279	429	28.8699
CAAACG	2233	1894	387	28.7436
TGTCGC	2106	1841	360	28.6464
ACGGGG	3797	3774	1112	28.5582
AGGGTA	3337	3142	842	28.5284
ACTGAC	3656	3548	1017	28.5010
ATCGAG	1195	1032	147	28.4890
CTACAC	2693	2743	620	28.4726
TAGTGC	2172	2097	411	28.4297
ACAGCG	3476	2853	801	28.3718
ATTCGC	1388	949	154	28.3515
TACCCC	3244	3126	817	28.3194
AACCGA	1835	1667	296	28.2476
CTAACC	2746	2683	618	28.2451
CATAGC	2217	2171	430	28.2406
CCGAAA	2418	1916	416	28.1050
CATAGG	2391	2529	521	28.0133
TAGGAC	2757	2927	668	27.9747
ACTATC	1677	1929	309	27.8891
AAGTCG	1872	1537	281	27.8777
ATGCCT	3862	3959	1176	27.7476
ACGAAA	1740	1438	251	27.7036
ACGAGG	2662	2791	621	27.6779
AAGGGA	7145	6805	3420	27.6594
CGTTTA	1574	1237	206	27.6409
AGTACG	909	823	102	27.6207
ATTCCC	4885	4632	1679	27.5936
TCGTGC	1780	1706	293	27.5795
CGCTTA	1384	1028	162	27.5502
GAGAGC	6509	6525	3011	27.4259
TAGAGC	3216	3222	830	27.4046
ACAAGG	4351	4500	1470	27.3286
TAGCAC	2401	2438	505	27.2799
AACTCG	1907	1524	282	27.2124
ACGTTC	1716	1582	267	27.1993
CTTAAG	1975	1897	347	27.1708
ACCCAA	4302	4343	1408	27.1620
ACGGGA	2892	2787	665	27.1281
ACACTA	2455	2595	542	26.9136
AGGACG	3572	3416	958	26.8873
CTTAGC	3220	3089	799	26.8833
ACTCAG	5300	5031	1950	26.8795
CGAACG	1213	1076	151	26.8579
CACGGA	2947	3042	729	26.8342
GAAAGC	5972	5603	2407	26.8172
CCTAGA	4177	4070	1291	26.8074
ATTGCG	1223	809	123	26.7528
AAGAGC	5380	5416	2116	26.6445
CATTGC	3173	2965	760	26.6402
CGGATA	990	812	106	26.5932
AGTACC	2194	2304	444	26.4830
GATTCC	4022	3872	1191	26.3869
TAACGC	1189	960	136	26.3212
CATACC	1921	2052	360	26.2918
TCTCGA	1568	1353	218	26.2875
GTCAAC	2271	2277	452	26.2187
ATACCC	2177	2246	431	26.1884
CTTCAC	4946	4901	1783	26.1235
TCGGTC	2078	2052	384	26.1227
CTACCG	1651	1378	230	26.0913
ACAACC	3206	3069	789	26.0846
ACGGAG	3311	3494	911	26.0810
CTCCTA	4491	4443	1491	26.0744
TGCTAC	2530	2699	573	26.0139
ACGAAG	2084	1776	341	25.9955
CCTTCA	5755	5613	2326	25.9905
TTCGAC	971	781	101	25.9481
GGTACC	1285	1380	189	25.9239
CCCTAC	4003	3644	1121	25.9171
CCGATC	1404	1238	186	25.8708
AGTTAG	2844	2877	670	25.7756
TCGGCA	2063	1950	365	25.7703
ACGTCT	1908	1704	306	25.7428
CTATAG	982	1102	130	25.7148
TCTTGC	4362	4497	1466	25.5645
AGGTTG	3959	3842	1163	25.5474
TAACGA	998	907	114	25.5435
ACAGCA	5457	5559	2192	25.5331
CTCAAC	3537	3416	945	25.4457
ACACGA	1481	1580	234	25.4034
TCTACC	3178	3168	803	25.3579
CCTAGG	2726	2333	537	25.3208
CTGTAC	2698	2797	623	25.3107
AACGTT	956	769	98	25.2368
AATCGT	1146	1031	138	25.2195
AGACAC	4700	4893	1695	25.2043
AACGGT	1436	1195	183	25.1565
ATCCTC	4463	4673	1549	25.1342
TCGTAC	629	605	63	25.1159
ATAGAC	1930	2019	354	25.1110
CGAAAA	2004	1516	288	25.0544
CGATCA	918	886	105	25.0242
ACCTTC	4806	4858	1718	24.9978
CGACCA	1887	1672	297	24.9695
ATAGCC	2252	2135	422	24.9519
ACGCTG	3344	2841	761	24.8216
CCGGTA	1316	1147	165	24.6160
ATTCCG	1876	1482	267	24.5485
CAAGCA	4501	4560	1524	24.4988
CCATCG	1893	1619	289	24.4757
GAGTAC	1878	1777	310	24.4714
CGGTAC	1029	960	120	24.4663
ATAACG	1005	894	112	24.4535
ATAGCG	998	633	87	24.2155
AAGGGT	4527	4153	1405	24.2039
AACGAG	1868	1735	302	24.1801
ACTAGT	1028	1100	132	24.0796
CGTACC	1054	911	117	24.0639
CTTGGA	5478	5237	2075	24.0636
CTCGAA	1865	1525	271	24.0428
CACGAG	2313	2503	492	24.0072
AGGCTA	3135	3077	769	24.0072
ACACCG	2372	2235	456	23.9319
CATCGA	1023	985	121	23.9063
TAGGGC	3703	3318	954	23.8805
CGATGA	1366	1248	180	23.8712
ATCGCT	1525	1256	197	23.7899
CACGTA	1339	1412	195	23.7674
CGATTA	848	701	83	23.7494
AGTGAG	5278	5189	1986	23.7281
CGAAAC	1751	1360	234	23.6746
CTACTA	1902	2149	365	23.6255
ACCGCA	2462	2285	479	23.6176
CCAACG	2162	1799	350	23.6007
CGATCG	392	339	33	23.5767
ACGACA	1331	1222	173	23.5321
CAGATC	3649	3782	1058	23.4657
GCGTAC	948	755	94	23.3980
CGAGCA	2562	2667	566	23.3258
ATCGTG	1284	1214	167	23.2805
ATCCGA	1359	1219	175	23.2430
ATCCCT	4752	4722	1649	23.1781
CTTGTC	4084	4118	1265	23.1155
CAACCC	4957	4226	1547	23.1011
CTTCGA	1645	1358	221	22.9458
ACTGCT	4605	4653	1579	22.8724
TTCGAA	809	571	69	22.7897
CATATG	1172	1443	177	22.7645
ACCGAA	1797	1566	266	22.7042
TCGCAC	1790	1659	278	22.6875
AGGATC	3484	3746	1003	22.6375
TAGACC	2114	2127	393	22.5351
AGAGTG	4973	4811	1747	22.5199
ACTTAG	2925	3033	709	22.3758
TGTACC	2277	2503	481	22.3404
GAACAC	3615	3827	1056	22.2544
CGAATC	1486	1162	179	22.2475
TCGCAA	1323	1031	149	22.1957
TCCTAC	3498	3570	962	22.1093
TATGCC	2115	2089	386	22.0527
CACAAG	4095	4364	1333	22.0419
ACGCAT	1361	1155	166	22.0245
ATAGGG	2674	2617	574	21.9636
CTATAC	1437	1686	234	21.9516
ACCCTA	3016	2846	687	21.8808
CTACCA	2980	3023	717	21.8342
AAATCG	1694	1403	230	21.7628
AAGCGT	2003	1575	290	21.7051
ACGGTG	2383	2299	463	21.6321
AACGTG	2277	2084	409	21.5751
CCCGTA	1423	1284	186	21.5699
AATACG	1194	1057	139	21.2488
CGAATA	908	736	87	21.2464
TACACC	2336	2253	446	21.1691
AGATCC	3738	3795	1076	21.0901
CGGTAA	1253	1067	145	21.0804
TACGCA	1178	927	124	20.8913
AACGGG	2498	2172	457	20.8630
ACGAAT	1255	994	137	20.7741
CCTGTA	3399	3661	954	20.7470
ATTCGA	1105	875	113	20.7444
GCATAC	1620	1562	240	20.7421
ATCCAC	3277	3251	829	20.6960
ACGGCT	2351	2364	466	20.6133
CTACTC	3179	3039	759	20.6032
ACCACT	3772	3850	1097	20.5065
TAGGTC	2395	2525	501	20.4291
ATTTCG	1514	1184	181	20.3670
AACCGT	1413	1348	190	20.3450
CGTAGA	1281	1122	152	20.2726
GCTAAC	2106	2114	384	20.2624
TCCGAA	2073	1811	332	20.2362
CGGGTA	1761	1365	229	20.2249
TACTCC	2958	2881	677	20.1165
TATCCC	2951	2745	647	20.0872
ACTCTC	4533	4382	1461	20.0804
TACGGA	1222	1212	155	19.9118
ACGGAT	1339	1217	167	19.8630
CGGCTA	1674	1260	205	19.7615
TATCGA	566	526	49	19.5230
TGTAGC	2691	2802	605	19.4071
TACCCA	3350	3397	875	19.3734
GCTAGC	1344	1166	161	19.3401
ATCGAA	974	889	102	19.1789
ACCAGT	3163	3335	816	19.1025
ACTCTG	5389	5424	2089	19.0909
TACGAA	1036	882	106	19.0707
ACGGTC	1666	1688	258	19.0168
CCAGTA	3022	3006	713	19.0162
CCTAAG	3841	3762	1085	18.7286
ACGAGA	1673	1680	257	18.6250
ATCGTC	1016	862	102	18.5828
ACGACT	1393	1229	171	18.4239
TTCGCA	1784	1355	226	18.2956
ACATCG	1086	1085	127	18.1199
ACGCTA	1103	814	103	17.9855
ACCGTA	904	917	97	17.9306
ACTAGG	3019	2652	633	17.8828
AGCTAG	3037	2909	691	17.7449
ACACTG	4689	4824	1637	17.6527
CGTACG	337	306	25	17.6391
ATATCG	606	491	47	17.4907
TCGAAA	1369	1103	153	17.4744
ACGTTG	1530	1308	192	17.4717
AACGCA	2095	1537	285	17.4331
AGCTAC	2859	2808	633	17.4156
AGTCGA	1172	897	115	17.2979
ACCGTG	2190	2252	411	17.2766
ACTCGT	1266	1128	146	17.2523
CATTCG	1569	1126	173	17.2429
AACGAC	1344	1128	153	17.2039
CGACTA	864	674	74	17.1728
CACTAG	2693	2505	541	17.1151
CGATAC	609	511	48	17.0936
ACAACG	1458	1180	169	17.0408
ACACGG	2441	2639	519	17.0263
CGTGAA	1982	1834	315	16.9935
GTACCC	2344	2252	435	16.8896
GTATCC	2093	2026	359	16.7454
CGAAGA	2437	1893	386	16.7030
TCGATC	796	741	74	16.6316
AGATCG	1305	1078	143	16.5574
CAGTAC	2363	2300	445	16.4694
ATCGAC	695	656	61	16.1038
ACGAAC	1192	1108	135	15.9773
TAGTAC	1414	1602	209	15.8544
ACTAGC	2028	1954	336	15.8078
CGACAA	1229	1048	132	15.7949
TACCGA	981	934	101	15.6296
CGTTGA	1324	1145	150	15.6176
AGACGA	1790	1677	264	15.5144
ATGTCG	953	829	90	15.4736
ACGATG	1282	1215	153	15.4508
CTATCC	2513	2337	473	15.3901
GCTACC	2817	2695	595	15.3756
GATACC	1863	1932	308	15.3583
ACCGGT	708	696	63	14.9637
CCTACA	3340	3578	897	14.9464
TTCGTC	1577	1264	186	14.9441
CTCTAC	3401	3365	862	14.9304
CCGTAC	1034	911	102	14.9165
GTCGAC	475	379	32	14.8273
ACGGAC	1858	1839	293	14.8013
CTAGTA	1789	1903	292	14.7728
CGTTCA	1727	1514	233	14.7590
CGATAA	800	648	65	14.7151
CTACCC	4002	3634	1074	14.6954
CTTACG	1189	1095	131	14.6362
CCTACG	1628	1536	224	14.5961
ATCGCA	1268	1034	131	14.2603
CTCGAG	1516	1507	206	13.9230
ATACCG	826	710	70	13.9164
TCGTTC	1614	1508	217	13.8001
CCTCTA	4117	3999	1200	13.6261
ACAGTC	3676	3603	980	13.5952
ACGGTA	992	880	94	13.5705
CGTGTA	1265	1207	146	13.2070
TACGTA	479	446	34	13.1316
ATACGC	799	679	65	13.1267
AACGCT	2096	1600	283	12.9416
AACGAT	1080	945	105	12.8999
GTATAC	657	683	56	12.6765
GATAGC	1763	1612	244	12.4646
ACCGTC	1934	1829	295	12.4216
AGTAGG	3562	3438	905	12.2189
ACGTAC	862	897	83	11.9767
CTATGC	2137	2046	354	11.9594
CTAGTC	2401	2171	414	11.9314
ATGCGA	1123	854	98	11.8289
CTCGTA	955	903	90	11.7581
AGAACG	2361	1911	363	11.6803
ATCGTA	644	635	51	11.6294
CGTACA	930	915	88	11.1664
ACTCGA	1382	1205	152	11.1034
AGCGTA	1007	878	90	10.7883
ATACGG	892	841	79	10.7673
CCACTA	2845	2599	563	10.7666
CCATAC	1886	2045	312	10.5084
CACGAA	1784	1622	242	10.4708
ACGATA	710	573	49	10.3172
CAGCTA	3593	3491	915	10.1802
TCGACA	873	832	75	9.6311
CCGATA	696	573	47	9.4166
CATCGG	1476	1459	184	9.2937
ACCGAT	857	875	75	8.6228
AACGTA	1204	1071	116	8.1246
ACGATC	890	818	72	7.9963
ACGTAT	992	957	89	7.7802
CGAGTA	1108	870	90	7.7274
CATACG	765	726	56	6.9288
CGTATC	823	794	63	6.5135
CGTCTA	1149	982	98	5.9315
CGTATA	628	594	39	5.8009
CGCATA	815	597	48	5.6906
ATACGA	720	676	41	2.7599
