CCCGCC	9743	8601	6452	  inf
CCGCCC	9713	8751	6596	  inf
CGCCCC	9074	7914	5743	  inf
CCCCGC	9288	7758	5617	678.2864
CGCCGC	6782	5113	3214	662.8543
CCGCGC	6791	5075	3196	659.2455
CGCGCC	6460	4912	3001	644.7184
GCGCGC	4399	3500	1770	565.9977
CTTCCG	5111	5151	2569	561.1440
CGCGGC	6490	4732	2859	560.8558
CCCGCG	6503	4732	2863	560.8424
CGGCGC	6223	4550	2694	559.4023
CCGCCG	6371	4507	2711	550.1968
GCGCCC	7238	5410	3414	547.7663
CGGGGC	8439	6914	4647	542.3420
GCCGCC	7601	5818	3741	541.6846
CCGGAA	4633	4655	2208	534.2996
GCGGCC	7260	5285	3321	505.3296
CGCCCG	6261	4508	2619	481.5913
CACGTG	2475	2551	953	465.7571
ATTGGC	4406	4746	2101	464.7439
AGCGCG	4752	3875	1916	463.6552
CCAATC	4521	4968	2202	454.0726
CTGCGC	6413	5488	3073	453.4593
GCCCGC	7245	5788	3511	452.1635
ACGTCA	2330	2516	900	447.9268
CGTCAC	3072	2968	1181	442.9511
TCCGCC	6377	5753	3149	428.5432
TGCGCA	2286	2410	850	420.9698
GCGCAC	4263	3937	1761	420.7033
CCGGCG	5957	3997	2252	419.0976
CCGGGC	7382	5648	3455	415.9301
TCCCGC	6826	5822	3330	411.2908
CGCGCA	4312	3633	1662	404.1503
CCCGGC	7833	5732	3644	403.0757
CTCCGC	7244	6447	3767	396.5283
CGCCTC	7193	6148	3601	392.3715
CGGGCC	6509	4826	2747	388.3620
CGCGCG	3780	2913	1285	382.2625
GCCCCC	9184	7372	5054	374.8871
TTAAAA	7202	8401	4613	374.2172
CCCCGG	7349	5330	3233	365.7354
AGGCGC	5923	4892	2564	365.2056
GAGCGC	5600	4797	2419	363.0106
CGGCCC	7180	4998	3007	358.4923
CCCCCG	6833	4699	2753	355.1053
CTCGCG	4170	3306	1472	350.6068
AGGCGG	7366	6270	3679	349.6844
CCCGGA	6180	5389	2836	346.4852
GGCGCC	4910	3385	1673	345.5669
ACGCGC	3522	2962	1208	343.2686
CCGCGG	4665	3142	1522	339.2090
AGGGCG	6587	5729	3118	337.1779
AAAATA	7022	7676	4157	336.1490
GGCCCC	8957	6960	4672	334.7164
GACGTC	1603	1495	485	332.5326
TTTAAA	5302	6295	2823	331.7310
AGCCGC	5896	4930	2534	331.4272
CCGGCC	7163	5229	3079	327.6414
TTCCGC	4058	3657	1522	318.0854
AGCGGC	5618	4546	2273	313.2690
CCGGGA	6718	5614	3077	305.0316
TAAATA	5204	6021	2654	302.6276
CACGCG	3247	3021	1124	302.5757
CCGCAG	6585	5523	2982	299.2412
AAATAT	5468	5883	2707	299.1668
ATTTTA	6224	6921	3419	298.1308
CCCGGG	5709	4210	2148	296.7809
TATAAA	4462	5411	2159	296.5133
ATTTAA	5352	6042	2713	295.5628
CGCTCC	6373	5267	2791	294.3582
CTCCCG	7268	6092	3487	292.8924
ATTAAA	5423	5981	2714	290.6128
CGCACG	3123	2754	1014	287.4711
CGGAGC	6330	5920	3042	286.9603
CAGCGC	6233	5223	2715	286.5544
AAAATT	5876	6311	3015	285.8416
CGCAGC	6465	5509	2915	284.5400
CGTGAC	2760	2889	960	283.3802
ATGGCG	2512	2504	818	281.0527
CCCTCC	10885	10201	7577	280.1900
CAGGCG	6212	5160	2673	279.6595
CGCTGC	6247	5325	2753	278.8084
CGCCCA	6168	5523	2806	277.9028
AAATAA	7103	7790	4172	276.8431
AAATTA	5413	5844	2642	275.1493
AATTAT	4311	4344	1759	275.0794
ATAAAA	6265	7230	3530	274.4386
TCCGGC	4969	4233	1918	273.4131
CCGCCA	5567	4522	2199	270.6411
ACGTGA	2517	2683	848	270.2370
CCTGCG	6439	5400	2840	269.5232
CGGCTC	5887	4880	2435	266.6603
AGCGCC	5888	4838	2417	265.4715
ATGCGC	2305	2295	719	265.3238
CCGCTC	5842	4781	2377	263.4114
CCTCCC	11367	10648	8150	262.1294
CCTCGC	6004	4775	2424	262.0817
AAAAAT	7258	7633	4156	261.1399
TAAAAA	6785	7753	3977	260.9483
TGCGCC	4944	3834	1755	260.0551
CCACGC	5101	4909	2178	258.5215
CCTCCG	6724	5855	3125	256.9688
ATAAAT	5285	5860	2574	256.6268
TGGCGC	4617	3956	1704	256.3833
CGGGGA	6946	5407	2999	254.1445
AATAAA	7004	7947	4160	253.8047
AGGCCC	7788	6742	3960	253.4113
CAATCA	4005	4747	1753	253.3455
CGGCCG	4068	2656	1149	252.5494
TGACGC	2692	2483	827	252.5335
CCCCTC	9914	9002	6228	251.9862
AATAAT	4906	4901	2099	249.5760
CGCGGA	4445	3319	1442	249.5496
AATTAA	4745	5167	2130	248.8730
GGAGCC	9054	8692	5580	246.4910
CATGCG	2035	2148	621	244.5182
CCGGAG	6125	5444	2715	244.4787
GCAGCC	9172	8658	5620	244.1969
GCTCGC	4568	4272	1778	243.5845
CAGCGG	5895	5031	2468	243.1611
CGCCAC	4575	4050	1706	241.7032
ATATAA	3517	4001	1385	240.6084
CACCTG	7033	7184	3818	239.5042
TCGCGC	3409	2739	1026	238.6663
ACGCCC	4794	4276	1840	238.3528
GCTCCC	8838	7828	4978	236.7265
CACGCC	4922	4812	2058	236.5217
GGTCCC	6989	6507	3487	233.2052
CCGAGC	5205	4448	2011	229.3059
AATTTA	4687	5157	2081	228.9736
AAACTT	5420	6281	2739	228.8351
CGAGCG	3683	3066	1165	228.1736
AGGGGC	8880	8021	5090	226.4910
CTCGGC	5607	4528	2158	226.3330
CAGGCC	8196	7485	4477	225.8514
CTGGCC	8258	7880	4707	223.8672
TGCGGC	4678	3759	1616	223.3195
TAATTA	2352	2488	731	222.3585
CTCCCC	10233	9187	6474	222.2464
CCACCC	9260	8922	5784	221.7782
ACGTGG	3500	3269	1170	221.6526
AAAGTT	5474	6496	2826	220.5733
AGGGGG	7968	7309	4273	219.2563
AGCCGG	5713	4805	2288	219.0093
AGCCCC	8894	7853	4990	217.3600
CGTCGC	2696	2103	710	216.9027
CGGGAC	5111	4429	1959	216.1885
GCCGGC	4401	3017	1292	212.9830
CCCAGG	10307	9878	6934	212.1996
AATATA	3726	4139	1450	212.0155
GAGGGC	8487	7731	4721	211.8068
CTGCCC	9528	8833	5862	211.7605
CAGCCG	5975	4895	2397	211.5898
CCTGGC	9178	8703	5600	211.1489
CATTGG	4015	4626	1671	210.6946
CGCCGA	3396	2464	921	210.3249
GCACGC	3837	3878	1408	209.1379
CGGGAA	5341	4673	2106	207.9706
TATTAA	4059	4379	1611	207.0888
GAGGCC	8110	7266	4295	205.9496
CTGGCG	5631	4630	2177	205.9187
GCATGC	2168	2827	738	205.8402
TCGCCC	4745	3747	1607	205.2002
AGCGGG	5722	4611	2196	204.8398
GGACCC	6838	6101	3201	203.2960
GCCTCC	9753	9094	6125	203.0248
CGTGGC	4559	4270	1723	202.1987
CTCGCC	5595	4548	2129	201.8289
TCGCGA	988	880	231	201.3854
CCCACC	9527	9091	5996	201.1388
CTGCCG	5681	4391	2093	201.1376
AACAAA	6383	7955	3770	200.8622
CAGCCC	9794	9084	6138	200.7488
AATATT	3210	3246	1070	200.3951
CGCGTC	3521	2733	1008	200.2034
TTCAAA	6029	7219	3310	200.1939
CAATCG	1622	1676	433	199.7775
CGAGGC	5510	4484	2076	199.5224
CCCAGC	10202	9584	6670	199.0606
CGAGCC	4630	4113	1689	199.0352
CCCGCA	5378	4323	1974	197.3162
CCTCGG	6170	5243	2582	197.0861
CGGCGA	3539	2549	956	195.4494
AAAACA	7222	8592	4468	193.9452
TGCCGC	4485	3491	1442	193.3100
CCCTGC	9383	8625	5635	192.9601
GCTGCC	8716	8085	4991	192.0541
AGCCCG	5788	4913	2315	191.3563
GAGCCC	8158	7577	4453	191.3471
GCGTCC	4869	3909	1676	190.7992
CCCCAC	9268	8536	5520	190.5680
ACTTCC	6684	7351	3654	190.1034
GACCCC	6561	5586	2851	189.2749
GTCGCC	3733	3215	1174	188.9245
CCCTCG	5634	4440	2081	188.8809
CCGCGA	3687	2718	1025	188.8055
CCCCAG	10044	9275	6373	188.3904
AAATGT	6068	7022	3234	188.2386
ATGACG	1642	1685	429	188.2193
CCAGGC	9441	8988	5867	187.2393
CACCCC	8281	7887	4664	186.9578
GCGGAC	3739	3069	1132	186.5627
CGCTTC	4318	3869	1509	186.3770
GCAGGC	8191	8010	4679	184.6510
CGGGTC	4433	3834	1526	184.0558
GCCCAC	7103	6906	3640	184.0195
ACCGCG	3304	2716	938	181.0054
CTTTAA	5479	6707	2843	180.8549
CGACGC	2613	1978	633	178.7996
GACGCC	4410	3507	1410	178.6583
GTCCCC	7285	6651	3592	178.5107
ACGCGG	3448	2684	956	178.4144
TAATAA	4436	4765	1805	177.9571
TTTCAA	5749	6826	3000	177.6258
CCAGGG	9475	9078	5922	177.5314
ATTATA	3118	3372	1050	176.8459
CGCACC	4132	3394	1305	176.5499
AGGCCG	5591	4254	1978	175.5664
CCAGCC	9867	9370	6310	175.1568
CCCGAG	5884	5104	2396	174.7240
CACCGC	5166	4528	1952	174.0270
ATATTA	3324	3525	1133	171.9196
ACCCGC	4643	3916	1592	171.9168
ATGAAA	5687	6288	2767	171.8806
TCGGCC	4359	3343	1336	170.9747
ACCCGG	4800	4267	1749	170.4592
TTTTCA	6780	7580	3763	169.8843
ATAATA	3589	3790	1267	169.7721
ATTTTC	6430	6852	3297	169.0278
ACCCCG	5105	4204	1812	168.4568
ATTTCA	5683	6244	2743	168.0584
CCCCCA	8905	8086	5045	167.9893
AAAAGT	5953	6677	3018	167.8826
GGGCCC	5570	3832	1798	167.2764
AAAATG	7069	7607	3909	167.0355
TGGGGC	8692	7655	4703	166.4129
AAACAA	6488	8118	3830	164.6562
CCGGAC	3762	3285	1170	164.4647
CTGGGC	9484	9079	5905	164.1581
CGCGAC	2603	2107	645	163.8825
CAGGGG	8290	7643	4502	163.3856
ACCAAT	3352	4076	1261	162.5925
CGGCCA	4962	3944	1673	162.1641
TAAACA	4847	5940	2292	161.4691
ACCGCC	4627	3963	1587	160.6927
CGACCC	3856	2974	1098	159.6648
CCCACG	5165	4455	1904	159.3626
AAAATC	5371	5780	2438	158.7207
GCCACC	6968	6963	3563	158.5456
AAATAC	4794	5243	2045	157.8309
ATTTTG	5723	6369	2788	157.6056
ACGCCG	3146	2312	780	157.4564
CGTCCC	5124	3952	1712	157.4393
CAGGGC	9081	8454	5318	155.9227
CAATTA	3269	3423	1074	155.6760
AGGGCC	7467	6362	3490	155.0513
CGGAAC	2874	2886	857	154.8493
CGGAAA	3713	3467	1194	154.1610
TGGCCC	7338	6660	3576	153.8267
TCTCGC	3549	3049	1044	153.6918
CCTGCC	9605	9004	5907	152.4218
AAACAT	5148	6007	2418	152.0851
AAATGA	6366	7229	3391	151.8506
GTGGCC	6583	6632	3242	151.7833
GCGACC	3509	2876	987	151.3510
TCCCCC	7893	7064	4001	149.2380
AACAAT	3964	4638	1573	148.9213
ATAATG	3385	3676	1156	148.9156
TCAAAA	5550	6537	2760	148.3350
AATGAA	6101	6825	3104	147.3637
AAGCGC	3482	3198	1058	146.4782
CCAGCG	6017	4874	2301	145.5463
AATCAA	4134	4810	1670	145.1181
AAATTT	3580	3750	1221	144.9751
ACAAAT	4929	5785	2246	144.0603
AAGAAA	8490	9869	5723	144.0374
CGGTCC	3870	3483	1222	143.0855
ATGTAA	3714	4462	1438	142.6466
GTGACC	4727	5282	2009	142.5502
ATCAAA	4118	5090	1738	142.3381
AGGTGG	7698	7750	4233	141.8396
ACTACA	3327	4441	1310	141.8288
AGCGGA	3906	3616	1266	141.7768
CCGCAC	4240	3595	1344	141.6429
AACATT	4668	5345	2006	141.6078
AGGAGG	9990	9798	6581	140.7105
TCATAA	3211	3779	1122	140.5762
ATTAAC	3039	3485	1010	140.3991
ATTAAT	2402	2446	652	140.0592
ACAAAA	6420	7658	3567	139.9470
AAATCA	5189	5878	2370	139.9285
ACTGCG	3433	3111	1016	139.8820
ACAATA	3180	3934	1147	139.4481
AGAAAA	8896	10035	6051	139.3681
CACGTC	2663	2520	716	138.5451
AATACA	4300	4882	1734	137.8154
ACGGCG	2851	2042	644	137.7419
GGCACC	5986	5369	2471	136.3804
TTACAA	3936	4830	1596	136.3370
AATGTA	3845	4706	1533	136.1477
AACTAC	2980	3830	1063	135.9805
AAACTA	4115	5276	1777	135.4626
TAGAAA	5801	7053	3033	134.9822
TTTACA	5022	5899	2303	134.7884
TTTTTC	7591	7838	4207	133.6040
ATTATG	2956	3321	944	133.3658
CAGCTG	5344	5399	2251	133.3215
TAAAAC	4920	5970	2283	133.1759
AGTGCG	2973	2864	847	132.9971
CTCACC	6470	6718	3195	132.9742
TATTTC	5278	5750	2348	132.8676
CTGACG	2948	2561	773	132.3289
AATTAG	3552	4031	1265	131.8828
TACAAA	4553	5635	2035	131.7153
CTCCTC	9741	9357	6154	131.7072
AATAAC	3668	3984	1285	131.2482
AATGAT	3799	4339	1415	131.2246
AAATCT	5278	6183	2493	131.1259
CGGGCA	4740	3867	1541	131.0151
CGGACC	3517	3001	994	130.5515
ACCTGC	6022	6271	2825	130.4081
AGAGCG	4550	4287	1620	129.4944
CAAATA	4906	5431	2098	129.4072
ACGTGC	2423	2425	640	129.3401
CTCGGA	3868	3624	1239	128.4420
TGCGTC	2859	2517	741	128.2136
TTAATC	3167	3460	1020	127.9588
AATCAG	4819	5411	2056	127.0196
TTTAAC	4006	4720	1574	126.6991
ACCCCC	6491	5937	2867	126.5752
CTGGGA	9641	9666	6269	126.5233
ATCCGG	2353	2354	610	126.4179
GCCAGC	7636	7786	4190	126.3656
CGGTGC	4167	3655	1320	126.0791
CGCGAA	2005	1537	405	125.8990
TCCTCC	9800	9537	6284	125.7785
AATTTC	5123	5394	2157	125.6851
AAAGAA	7947	9552	5203	125.6799
CTTAAA	5232	6314	2508	125.4509
AGTTAA	3782	4708	1496	125.4436
ATTTGA	4552	5273	1915	125.3359
ACCTGG	6772	6900	3387	125.0512
CAATGG	3942	4629	1526	124.9032
AAGGCG	4477	4045	1516	124.2819
GCACCC	6056	5485	2519	124.2286
TAACAA	3691	4520	1417	124.1421
GACCGC	3417	3101	988	123.8425
TAATCA	3211	3444	1020	122.7652
AATATG	3585	4009	1255	122.7213
CTATAA	2755	3613	938	122.2319
CCGACG	2403	1689	484	121.9160
AGGTCA	4847	5981	2237	121.7657
CTGCAG	5886	6049	2669	121.5688
AAAGTA	4451	5634	1978	121.3610
CCGGCA	4335	3358	1264	120.9792
TTTGCA	5644	6345	2680	120.7666
ACATAT	2947	3591	982	120.6370
TGGGCC	6953	6025	3069	120.5212
AAATAG	4812	5599	2101	120.4360
TTTTAC	4618	5123	1883	119.9793
AGCCAA	6058	7218	3182	118.9909
AATTTG	4510	5177	1860	118.8364
CCCCCC	5106	4304	1767	118.3279
CTCTCC	9587	9422	6077	117.7594
CACCGG	3724	3575	1173	117.6137
TACATA	2961	3813	1028	117.5045
CCCGAC	3872	3068	1070	117.3344
AAGCGG	3809	3412	1150	117.3293
CGTCCG	2769	2035	606	117.1711
CCTTCC	9980	9717	6481	117.1532
AATTCA	4587	5086	1856	117.1284
ATTACA	3522	4156	1264	116.8575
TTGGCC	5429	5396	2249	116.3776
CTTTTA	5725	6953	2926	116.2169
TAATTC	3697	3967	1265	115.9192
AGGGAG	9748	9463	6190	115.8421
GACGGC	3501	2423	820	115.5693
TAATGA	3763	4217	1347	115.1690
AAGAAT	5114	6279	2428	115.1046
TTATAA	2349	2594	640	115.0332
CACCCG	4577	3969	1504	114.9355
AAAAAC	6048	6604	2934	114.8803
AGAGGG	8809	8665	5212	114.6253
TTTATC	4050	4662	1552	114.5593
AATCAT	3564	3891	1207	114.5459
ATAACA	3226	3839	1102	114.4573
CAATAA	3889	4392	1429	114.3672
ATTCAA	4219	4691	1613	114.0329
AGGTGA	5920	6451	2820	113.9717
CCCCGA	4981	3961	1607	113.6962
AACCGC	2583	2423	651	113.5350
TAAATC	3695	4201	1320	113.3304
CATTTA	4903	5580	2115	113.0909
CATAAA	4257	5068	1729	112.1212
CCAGGA	9022	9146	5587	112.1101
AAGGGG	7775	7504	4091	112.0694
TGCCCC	7671	6664	3635	111.5132
AAATTC	5208	5630	2241	111.4686
ATTTAC	3827	4308	1383	111.2260
TATATA	1879	2145	471	111.1718
AGATAA	4296	5029	1729	110.9010
CGCAGA	4352	4021	1452	110.8981
CCGACC	3623	2871	954	110.4773
ACAAAG	5815	7325	3091	110.4578
TATGAA	3448	4317	1270	110.2326
ATTCAT	4338	4739	1658	110.1975
CATTAA	3700	4354	1355	110.1633
TGACCC	5150	5396	2138	110.0009
TTGCGC	2419	2192	572	109.9214
AGTCCC	6410	6563	3060	109.8367
ATAAAG	4765	5700	2095	109.7785
AGGAGC	7955	8097	4464	109.6240
CCTGAC	5599	6149	2569	109.6240
ACGTCG	1255	1051	226	109.5588
AGCTGG	7857	8254	4489	108.6635
ATTTCT	6690	7621	3620	108.3339
AGCGCA	3560	3314	1051	108.0650
ACATAA	3491	4284	1271	107.7673
TCCCCA	9096	8630	5330	107.5407
CCCTTC	8636	8415	4971	107.4618
AATTCT	4979	5918	2241	107.2011
TATTCA	3828	4392	1398	106.9897
TTAACA	3972	4669	1515	106.5240
CTCCCA	9172	9064	5613	106.4610
AATTGT	3651	4116	1274	106.2174
TTATCA	3314	3862	1118	105.9304
CCACCG	4767	4222	1621	105.9093
CATATA	2587	3213	795	105.7484
GCTGAC	4836	5268	1977	105.5849
TTCCCC	8597	7978	4713	105.3328
CGAGGA	4353	3842	1389	105.2370
TGTCCC	6547	7141	3347	105.2031
CTTATA	2366	3078	717	104.8922
CTAAAA	4909	5817	2177	104.8754
CGGAGA	4783	4403	1682	104.8646
TTAGAA	4908	6077	2259	104.8064
CAGGAG	8989	9290	5632	104.7511
TTAAAC	3926	4684	1501	104.6716
ACCGGA	2660	3050	779	104.5867
ATTTGC	4378	4742	1661	104.3471
AATTAC	3360	3582	1062	104.3317
AGGCAG	8902	9299	5585	103.7556
GACCTC	5191	5350	2124	103.4283
ATACAT	3270	4044	1143	103.2145
CAGGGA	8927	8800	5324	102.9399
CACCTC	7370	7432	3847	102.5677
TAAGAA	4872	6176	2271	102.4854
CCGTCG	2233	1600	423	102.3366
AAGTAA	4283	5136	1739	102.2556
CGCACA	3132	3244	925	102.1908
AGCTGC	7286	7601	3883	101.7238
TCTCCC	9028	8598	5263	101.5402
AGCAGC	7580	8123	4269	101.5311
CGCCAA	2985	2688	768	101.4079
ATTTCC	6555	6971	3272	101.3665
GATGAC	3239	3937	1107	101.3264
TTATTC	4320	4591	1593	101.2368
ATTGTA	2928	3519	933	100.9919
ATTATC	2927	3140	853	100.9712
ATATTC	3330	3605	1054	100.7196
ATACAA	3310	4097	1161	99.8844
TCGGGC	4097	3258	1146	99.8679
GTCACC	4873	5605	2086	99.8495
AAGCCG	3721	3446	1110	99.7907
AAAACT	5905	6952	2972	99.7863
GTGCCC	6102	5580	2524	99.6731
ACCGGC	3338	2842	872	99.5123
CCGTCC	4358	3226	1194	99.4653
AGTAAA	4790	5550	2037	99.2917
ATAAAC	3932	4717	1501	98.8077
TTTTCC	8519	8623	5000	98.5999
AAGTTG	4262	5185	1738	98.3025
AAAAAG	7283	7917	4017	98.1456
CGTTGC	2184	1968	478	98.0382
TGGGTC	5347	5704	2290	97.6281
CCCAGA	8745	9106	5377	97.1973
CATGGC	4077	4470	1476	96.7604
CATTTC	6474	7072	3267	96.7102
AGCCGA	3383	3093	938	96.6093
AGGGGA	8579	7964	4676	96.1522
AGGCTG	8863	9202	5493	96.1375
AATACT	3497	4168	1225	96.0350
AACTTG	4269	5363	1786	96.0150
ATATAT	2005	2221	488	96.0063
ACTCCG	3421	3249	983	95.7086
ACGGCC	3515	2499	814	95.5766
TCCGCA	3403	3189	964	95.5102
CTTCCC	9953	9629	6366	95.5085
CCGGTC	3355	3060	922	95.4141
ATATGA	2763	3320	843	95.4128
AACCGG	2495	2670	658	95.3663
AAGTGA	5496	6397	2585	95.1795
ATAAGA	3457	4237	1228	95.0403
AACTTC	4753	5693	2059	95.0298
AGACGC	3503	3154	977	94.9876
AAGTTA	3830	4701	1457	94.9708
AGGGAC	6657	6893	3270	94.9539
ATGCAA	3860	4573	1433	94.7446
ATATAG	2278	2974	665	94.7231
AATCGC	1786	1658	364	94.7219
GATGGC	3981	4823	1537	94.5649
TAAAGA	5199	6662	2548	94.5210
TGAGCC	5882	6480	2774	94.5132
AAGATA	3775	4636	1422	94.5012
ATTGTG	3579	4259	1268	94.3631
ATATCA	2517	2965	716	94.1837
CCTGGA	8631	8715	5098	93.9800
AACGCG	2049	1684	404	93.8937
AGGGCA	7268	7282	3711	93.7462
TCCCAC	7487	7540	3932	93.7353
CAGCCA	8118	8707	4816	93.4835
ATCATA	2369	2949	679	93.2583
TGCCCA	6682	6912	3285	93.2289
CCATGG	2675	2908	738	93.0991
AGGTGC	5485	5423	2231	92.8365
TCCCTC	8955	8597	5204	92.8150
CCCTCA	7258	7110	3625	92.4768
TCTAAA	4617	5725	2012	92.3967
GAGACC	5704	6151	2575	92.3407
ATGTTA	3178	3627	1006	92.1137
CAGCTC	8107	8572	4739	91.9626
CAATGA	4007	4691	1505	91.8648
CCCTGA	7089	7302	3633	91.6268
CTTCGC	3470	3004	927	91.6114
ATCAAT	2779	3220	821	91.5826
AAAAGA	7302	8794	4407	91.5518
TCGCCA	2785	2765	730	91.5368
CGACCG	2051	1722	408	91.4468
TACGTC	1105	1160	208	91.2923
CTGGCA	6734	6980	3332	91.2117
AGGGTG	6908	7199	3504	91.1988
CAAAAA	6083	6579	2888	91.0145
ATTAGA	3389	4008	1147	90.6555
CCCGTC	3993	2848	991	90.5189
CTCCAG	9472	9711	6119	90.3874
TATCAA	2603	3405	812	90.1305
CTCTGC	8797	9271	5477	89.3493
TCTTAA	4485	5572	1911	89.3484
GACAGC	5726	6518	2711	89.2503
ACCCCA	6918	6926	3385	89.2459
CTGTCA	5263	6852	2627	89.0252
ACTTTA	4091	5271	1683	88.8395
AAATTG	4474	4859	1696	88.6826
ATTAAG	3482	4044	1178	88.6698
TATTAC	2534	2759	673	88.5239
TCCGGA	2028	2291	494	88.4920
TGTCAC	4503	5777	1975	88.0970
ACCCAC	5665	6292	2601	88.0424
CTGACC	5462	6100	2451	87.9026
GCTTCC	8145	8315	4620	87.8552
ATGTCA	3745	4760	1431	87.8132
CGCTGA	3634	3538	1092	87.7803
TTCGCC	2822	2285	631	87.7648
TCACCC	5773	6003	2537	87.6320
CCAATA	2997	3544	934	87.3870
TATACA	2689	3541	855	87.3567
CTCAGC	7903	8418	4544	87.3317
ATGACA	3787	4850	1466	87.1214
AGGCCA	6687	7174	3383	87.0030
AATCAC	3815	4257	1323	86.9937
CCCACA	7042	7610	3736	86.9226
ATCCCG	2996	2835	781	86.9128
ACTAAA	3729	4812	1437	86.9009
TGCAGC	6703	6910	3278	86.6738
ATTTAG	3911	4575	1434	86.6493
ATATTG	2684	3127	773	86.6179
CAACCG	2196	2246	514	86.5805
GCATCC	4526	5146	1794	86.4820
ACTTAA	3751	4715	1419	86.4395
TGGAGC	6905	7215	3498	86.3238
AGTTTA	4178	5167	1680	86.3080
ACCTCC	6955	6805	3341	86.2953
TATGCA	2866	3798	950	86.2249
CAGAGG	9075	9503	5757	86.1377
GCCGAC	3087	2268	669	85.8161
ATCAGA	4282	5388	1777	85.8111
ACATTA	3306	4034	1121	85.7558
CCAGAG	8763	9535	5590	85.5479
TTAACC	3111	3634	979	85.4115
AAGTAT	3114	4062	1072	85.2898
CTCTCG	3973	3632	1196	85.2357
TATTGA	2897	3447	885	85.0737
AGTTTC	5662	6453	2651	85.0243
TGCTGC	6695	7168	3379	84.8790
AAGGCC	5990	5987	2608	84.7604
AAAGAT	5246	6490	2489	84.6677
AAAAAA	5801	5931	2514	84.5747
ATTACT	3180	3621	992	84.3617
AGGACC	5750	6205	2595	84.3529
CAGCAG	8433	8961	5096	84.3415
CTTTGA	5297	6774	2605	84.2268
CAGGTA	3877	4642	1436	84.1833
CCTCAG	8372	8627	4889	83.9659
AGGCCT	4273	4118	1409	83.8412
CTGTCC	7004	7809	3797	83.7510
ATCTAA	2913	3777	954	83.6161
ACATCA	3552	4575	1316	83.5385
ATATCT	2980	3567	928	83.5059
AGCCTC	7765	8034	4277	83.3325
AACCCG	3183	3167	889	83.2084
AGCAGG	7949	8465	4581	83.1785
TTTCAC	5287	5604	2202	83.1509
CTGCTC	7739	8413	4445	83.0284
CAATCC	3665	4106	1234	82.9407
AGCGAG	4157	3984	1337	82.8274
ATGATA	2525	3031	713	82.7612
GACTAC	2200	2978	631	82.6586
CCAGCA	7431	8038	4109	82.4550
ACGCGA	1609	1394	289	82.2484
AGGTAA	3928	4426	1391	82.0832
ACTCCC	6306	6169	2796	82.0331
AATAGT	2979	3691	951	81.9880
AGCCTG	7933	8765	4716	81.8252
ATCAGC	3776	4372	1331	81.7980
CCTCAC	6675	6774	3196	81.5495
TCACAA	4278	5311	1745	81.5468
CAGAGC	8095	9124	4982	81.4701
CAGGAA	8709	9430	5492	81.3267
ATGATG	3334	4016	1116	80.9688
AGGTCC	5163	5662	2171	80.8910
TCCAGC	7807	7800	4178	80.7951
TGTGAC	4414	5487	1842	80.7460
CACACC	5534	6572	2629	80.4930
CCTTTA	5052	6055	2257	80.4625
AACATA	3147	3847	1026	80.4040
AAAGCG	3323	3085	896	80.2336
AGCAAA	6119	7282	3149	80.1478
TGGCCA	3738	4165	1264	80.0784
CAGGTC	5628	6191	2531	80.0119
ATTGAA	3651	4184	1243	79.6065
ATTGGA	3619	4185	1234	79.5688
CTCACG	2989	2933	789	79.5518
AGCTCC	7452	7699	3955	79.5504
CAGGCA	7417	7968	4062	79.3998
AAAGCA	6774	8045	3772	79.2716
TTGACA	3574	4757	1358	79.2373
TCGCTC	3522	3273	984	79.2318
ACCGGG	3703	3350	1045	79.1941
AAAAGC	6372	7003	3152	79.1610
TGCTCC	6870	7203	3459	79.0604
ATCCGC	2091	1998	445	78.9218
AAAGGG	7664	7895	4149	78.9146
AGAGGC	8253	8510	4753	78.8910
AGCCAC	6348	7345	3277	78.8535
ATCGCG	1456	1198	241	78.8246
TCCCGA	3607	3338	1019	78.8144
AGTGAC	4664	5825	2030	78.5956
TAAGTA	2844	3768	925	78.5896
TGGTCC	4746	5486	1957	78.5319
CGCAAC	1881	1709	367	78.4305
AATTCC	4760	4995	1809	78.3766
TCACGC	2557	2545	622	78.2878
CCCCAA	7645	7399	3901	78.1703
CCTGCA	7097	7334	3618	78.1453
TTGTCA	4092	5194	1640	77.9417
AACTAA	3493	4459	1259	77.7642
CGTGTC	2451	2715	632	77.7454
CACCCA	6943	7431	3588	77.7136
CTGAGC	7338	8282	4161	77.6372
AATGCA	4506	4987	1721	77.5771
TTTTGC	5433	5889	2342	77.5446
GTAAAC	3181	3693	996	77.5073
CTCCGA	3770	3564	1113	77.3774
TCATCA	3857	4473	1372	77.1873
AGCTCG	3164	3219	886	77.1424
ACTTTC	5471	6293	2497	77.1114
AATAGA	3837	4661	1414	77.1081
CACATG	3813	4799	1441	76.8848
TCCTGC	8039	8081	4421	76.8365
TGGGAC	5924	6183	2638	76.8064
AGGCGA	3702	3291	1025	76.7265
CGGCAC	3190	2459	717	76.6612
CGTCAA	1355	1369	249	76.6365
CCTGAG	7963	8417	4548	76.5865
TGGCTC	6572	7571	3468	76.3665
CCGTGC	3469	3156	938	76.2306
ACGCCT	3135	3139	860	76.1978
CATCCG	2278	2303	524	76.1392
AACTAT	2759	3650	875	76.0115
AAACTC	5066	5917	2207	75.9245
GAAATC	4623	5130	1799	75.7795
AGCGAC	2685	2559	645	75.7532
ATTAGC	2500	3087	706	75.4082
CAAAGA	6200	7623	3307	75.4020
AGAATA	4220	5044	1637	75.2859
AGGTCG	2589	2330	582	75.2837
AGCGTG	3076	3170	852	75.2670
CGTGCC	3453	3072	912	75.0957
ACAATG	3687	4513	1326	75.0872
CGCTCA	3418	3270	952	75.0696
GGAACC	5555	6040	2436	74.9535
TCTCCA	7919	8459	4541	74.8542
GTGTCC	5127	5793	2187	74.8468
AGAGCC	7273	7961	3975	74.7717
CGAGAC	2616	2392	598	74.7434
AATGTG	4702	5410	1909	74.6255
CCTGTC	6394	7167	3216	74.5042
ACGCTC	2744	2793	701	74.4743
TTATAC	2273	2741	595	74.2286
CCTTCG	3541	3127	943	74.2243
AGACCC	6043	6231	2697	74.1441
AGTGGG	7295	7377	3718	73.9568
CACTTC	6155	6784	2957	73.9005
TTGCAA	2393	2845	637	73.7298
TAGCAA	3419	4511	1240	73.5770
AGACAA	4934	6382	2297	73.3912
AAGGGC	6525	6539	3014	73.3735
ACACCC	5285	5917	2285	73.3557
CCTCCA	8744	8738	5120	73.2881
CAGGAC	6624	7114	3295	73.1983
AGTCGC	2483	2441	581	73.1421
AATGAC	3965	4561	1419	72.9099
GAAGGC	6991	7333	3555	72.8735
CTACAA	3462	4529	1256	72.8665
ATAACT	3099	3666	960	72.6237
AGATGG	5448	6633	2594	72.4404
AATCTT	4266	5152	1676	72.2741
CAATAG	2662	3430	802	72.2351
ATTTGG	4989	5416	2007	72.2046
GTTGCC	4069	4215	1355	72.0984
AATGAG	5345	5857	2284	71.9715
GTCTCC	6817	7134	3387	71.9365
CAAAAC	5446	6539	2559	71.7789
TTTCCC	9042	8955	5397	71.6274
ACGGGC	3237	2489	724	71.5660
AGGCTC	6873	7680	3646	71.5075
AGGAAG	9817	10308	6635	71.2039
ACATGG	3642	4533	1309	71.1888
ACAGGT	4418	5526	1833	71.1255
ACAGCC	6587	7175	3298	71.0671
TGATTC	3697	4177	1237	70.9350
AACAAC	3535	4514	1271	70.9303
TCCGTC	2810	2498	648	70.8217
ATAATC	2783	2924	729	70.7302
TTCCAA	5968	6724	2845	70.6236
AGCCCT	7646	7802	4074	70.6005
ATTGAC	2323	2902	627	70.5970
CGAAGC	3011	2959	784	70.5644
AAAGGA	7739	8779	4587	70.3768
AAGGTC	4060	5169	1605	70.1010
GTTCCC	6059	6249	2700	70.0911
AAACAC	5588	6725	2680	69.9597
ATGGCA	4037	4620	1450	69.7229
ACAGCG	3676	3544	1070	69.6890
AGGAAA	9406	9935	6157	69.5203
TCCGAC	2092	1927	421	69.4553
CTGAAA	6788	7573	3554	69.4486
ACCCAG	7358	7902	3976	69.3773
TCAGCA	5567	6619	2632	69.3551
ACACAG	6120	7863	3344	69.3523
CACGCA	3224	3186	878	69.2891
AGCCCA	7228	7626	3787	69.2658
ACATGA	3311	4167	1121	69.2348
AGTTCA	4314	5517	1788	69.1854
GCTCAC	4864	5605	2015	69.1566
AACCCC	5658	5546	2282	69.1346
CACACA	5941	7704	3195	69.1097
TCATTC	4931	5288	1938	69.0799
CCTCTC	9269	9078	5585	68.9524
CCACGG	4407	3903	1351	68.7934
TAGTAA	2836	3625	877	68.7810
GAACGC	2809	2579	661	68.7074
ATATAC	2313	2803	605	68.6259
ACACAT	4157	5512	1728	68.6175
CGCCTA	2207	2341	507	68.5728
ACAACT	3776	4778	1406	68.5565
CAGCGA	3782	3550	1095	68.5507
GAGTCC	5421	5937	2332	68.5211
AACGCC	2732	2503	631	68.4750
AATTGA	3391	3780	1053	68.4622
AGATTA	3310	3790	1034	68.3983
AAATCC	5153	5385	2045	68.2721
CTGCCA	7173	7548	3723	68.2613
CACGGC	3850	3062	981	68.2118
AACGGC	2185	1856	421	68.1375
ACCCTC	6404	6323	2862	68.0194
ATTCTA	3612	4550	1297	67.9465
CATTCA	4779	5328	1895	67.9037
AAGTCA	4735	6076	2108	67.8052
GACACC	4521	5032	1717	67.7518
TGTCGC	2184	2338	501	67.6092
AGCCAG	7877	8895	4711	67.5368
AAGTGG	5768	6388	2628	67.5196
CCCATC	5838	5997	2511	67.4834
ATGTGA	4024	4891	1513	67.4248
AAGCAA	5612	7162	2838	67.2748
ACGACG	1158	1050	181	67.2645
AAGTTC	4264	5463	1750	67.1425
ATGACT	3418	4309	1180	67.1173
AGTTTG	4964	6112	2208	66.9815
TAACTA	2554	3390	759	66.9716
TTCCCA	8365	8763	4911	66.9567
AGCGTC	3107	2897	784	66.9274
CCCAAG	7172	7580	3733	66.8578
GAGGAC	6172	6424	2805	66.7740
GTTACC	2616	2903	683	66.7383
CGAGTC	2719	2651	655	66.6584
TGAGGC	6483	6559	2987	66.6183
CACAAA	5826	7021	2882	66.3808
CAAACA	5478	7049	2735	66.3159
ACACGC	2873	2916	738	65.9815
CAAATC	4266	4705	1536	65.8971
CAAATG	5008	5811	2126	65.8846
CGGTGA	2944	2852	739	65.7999
AACTTA	3212	4041	1058	65.7193
AAATGC	5373	5603	2191	65.6799
AACATG	3587	4166	1192	65.6517
CGGATC	2012	2051	423	65.4845
CCGTTA	1329	1289	225	65.4349
GACATC	3161	3971	1028	65.3692
CGTCCA	2781	2411	616	65.3187
TCAACA	3836	4652	1386	65.2965
ATAGAA	3876	4899	1461	64.9460
ACCACC	4998	5390	1984	64.9306
TTGCCA	4745	5348	1882	64.9152
CCGTCA	2368	1947	459	64.7722
TAAAGC	4019	4871	1500	64.7717
ATTCCA	4890	5565	2001	64.7597
TTGGCA	4702	5353	1868	64.7260
ATTACC	2479	2660	607	64.7072
TTTGTC	4818	5853	2064	64.6407
CAACGC	2294	2218	495	64.5017
TATAGA	2418	3411	725	64.4649
CCAAAA	5803	6209	2568	64.4175
ATCTTA	3084	4062	1024	64.4020
AAGATG	5177	6487	2409	64.2138
AATCGG	1680	1675	317	64.1384
TATATC	2016	2478	487	63.9697
TGACCA	4009	5089	1552	63.8361
TCAGAA	6156	7644	3263	63.8244
TGTGCC	5077	5630	2087	63.5775
TACAAC	2420	3190	686	63.5547
CCATCC	5943	6180	2610	63.4436
CGAACC	1939	1922	389	63.4280
TCGCAC	1872	1842	367	63.3805
CAAAGG	6466	7575	3384	63.3498
CTTGAA	4766	5968	2076	63.3207
ATGGGC	4147	4404	1410	63.2927
TAATCC	2843	3165	777	63.2390
TTCCTC	8926	8848	5251	63.1919
TATAAC	2108	2478	503	63.1617
CTTTTC	7856	8544	4517	63.1391
ACGGGG	4012	3017	992	62.9777
ATTGCT	3687	4525	1303	62.9621
CAACAA	4026	4944	1517	62.7951
CTATTA	2695	3103	731	62.7715
TGACTC	4583	5591	1892	62.7520
AGGGTC	5578	5758	2313	62.7326
ATGAAG	4738	5746	1996	62.7326
CCACAC	5978	6870	2883	62.6266
GAGCTC	3536	3944	1118	62.6046
GCAACC	3854	4358	1310	62.5257
CACATA	3206	4375	1122	62.5047
ATTCAG	4689	5292	1839	62.3680
ACCTCG	3041	2744	729	62.3340
CTTGCG	2638	2651	632	62.2758
ATAGAT	2555	3436	759	62.2619
TTTCCA	7782	8301	4358	62.2269
TAGGCC	3295	3444	939	62.0651
CATCGC	2215	2051	450	62.0417
CATGAA	3806	4572	1349	62.0197
ACTATA	2088	2879	559	61.8945
TTGGTC	3824	4575	1355	61.8944
ACCCCT	6247	6086	2688	61.8521
ACGCAC	2536	2459	576	61.8017
CCAGAC	5930	6551	2740	61.7533
ACCTGA	4726	5596	1943	61.6402
CGGCAA	2341	2029	465	61.6170
AATGGT	3272	4095	1078	61.5550
CCAACC	5315	5810	2230	61.5517
TCATGA	1710	2163	384	61.5517
AATCTG	4597	5259	1795	61.4775
TTCATC	4396	4892	1620	61.4244
TGAATC	3387	3808	1044	61.4085
TATCTA	2448	3320	711	61.3150
CCGAAG	3518	3304	956	61.0824
GAAGTC	4802	5767	2022	60.9966
AATATC	3021	3338	849	60.9897
AAGGAA	8278	9217	5078	60.9676
GAGAGC	6864	7355	3473	60.9540
GTTTCC	6835	7177	3383	60.8472
ATCACA	3898	4796	1432	60.7481
CTGTCG	2550	2557	595	60.7335
ACCGCA	2605	2589	611	60.5625
CTCCAC	7332	7595	3798	60.5603
ATGGGG	5701	5486	2253	60.5507
ACGCAG	3741	3365	1021	60.5127
AAACCT	5301	6330	2398	60.4818
AGAGAA	8257	9461	5188	60.4466
ACAAAC	4472	5920	1940	60.3399
AGAGGA	8542	9002	5114	60.3301
GCGAAC	1966	1679	351	60.2118
AAACCG	2484	2630	595	60.2076
CTAATA	2707	3130	734	60.1428
AAAGCT	5540	6794	2657	60.0556
ACATTC	4033	4828	1482	60.0434
ATCATG	2636	3125	717	60.0194
AAACAG	6608	7841	3552	60.0036
CGTGGA	3387	3317	927	59.9995
AGTATA	2151	2808	558	59.8824
CATGCC	3670	4228	1218	59.8375
CACCGA	2703	2748	659	59.7976
AGCAAC	4219	5256	1659	59.7388
AAGGAG	8055	8595	4638	59.6445
TCAGCC	7023	7133	3445	59.6385
CCACAG	7480	8388	4234	59.5431
CCGAGA	3964	3580	1128	59.5362
TTTGGC	4797	5237	1852	59.5210
CCGCAA	2575	2342	557	59.4640
CTGGAC	5822	6309	2599	59.4451
TTTCGC	2174	1808	399	59.3564
AGGAGA	8293	8950	4945	59.1059
ATAACC	2581	2983	677	59.0893
CGGACA	2561	2540	591	59.0474
AAAGTC	4728	5870	2020	58.8986
AATGGC	4041	4641	1432	58.8940
CTTTCG	2551	2423	567	58.8341
CAGTGG	6579	7087	3224	58.8051
ATCTGA	4161	5332	1657	58.7605
CAACGG	1989	1871	382	58.7156
ACTCGG	3115	3102	815	58.6115
ACTCGC	2689	2444	595	58.5785
TGAAAC	4689	5347	1846	58.5530
TCCTTC	7882	8373	4434	58.5307
TCTTCC	8483	9033	5092	58.5221
CCTTCA	6090	6961	2955	58.4128
AAAGGT	5033	6085	2204	58.3194
TCAGGC	6129	6417	2761	58.1961
GAAAAC	6199	7168	3083	58.1177
ATGGCC	3749	4190	1227	58.0825
TTCGGC	2507	2176	512	57.9326
TCTGCC	7550	7876	4026	57.9306
CATCCC	6043	6180	2634	57.8805
GCAAAC	4292	5018	1613	57.8629
GAATTC	2317	2661	564	57.7953
ACGCCA	2720	2633	636	57.6323
CTAATC	2465	2884	632	57.6075
CTGGTC	5026	5914	2144	57.4876
TTCACA	5180	6138	2277	57.4656
CGTTCC	3157	2824	760	57.3416
TTTCTC	8411	9203	5136	57.2994
CCTTTC	8129	8551	4648	57.1605
CAGACG	3293	2883	800	57.0827
TTAGCA	3517	4595	1254	57.0568
CGCAAA	2362	2283	506	57.0434
AATCCA	4416	4949	1632	57.0334
ACCCTG	6575	7138	3238	57.0125
TTGGGC	5124	5127	1920	56.8986
AAAACC	5600	6534	2582	56.8514
AGGACG	3764	3228	983	56.8164
CCGACA	2146	1951	415	56.7877
AAGTCC	4879	5679	2012	56.7414
TCCAAA	5937	6784	2816	56.6817
AGGGAA	8616	8785	5029	56.6365
ACACCT	4703	5601	1923	56.6173
AAACCC	5592	6278	2487	56.5714
AATAGC	2933	3507	854	56.5687
CAGACA	5799	7204	2909	56.4880
CGAGAA	2832	2722	673	56.4599
CGGTTC	2569	2702	618	56.4419
AGTCGG	2780	2493	617	56.3571
CCAAAC	5236	6033	2261	56.3565
TGACAC	3758	4790	1375	56.2899
ACTGGG	6713	7022	3249	56.2543
CCAGAA	7250	8207	4022	56.1875
ATCACT	3571	4399	1222	56.1171
AATCCG	1895	1928	373	56.0969
ATGGAA	5084	5892	2155	56.0173
ACTCAC	4092	4888	1507	55.9428
TCTTTC	7453	8414	4221	55.9259
TTCTTC	7063	8061	3861	55.9186
ACCGCT	2550	2586	592	55.9046
CCAAGG	7053	7624	3664	55.8855
ATTCCT	5693	6133	2473	55.8420
CACAGC	7133	7984	3862	55.8261
ACACGT	2032	2324	454	55.8253
CACGGG	3850	3592	1095	55.6929
ATTGTC	2886	3604	860	55.6895
AAGCCA	6091	7684	3223	55.5822
TCTGAA	6127	7221	3063	55.5246
ACTAAT	2654	3165	720	55.5154
TCGGAA	2422	2506	553	55.4053
CGCTAC	1633	1664	298	55.3565
AGCATG	3666	4723	1327	55.3336
AAATGG	5753	6264	2543	55.3233
CTTCTC	8229	8623	4732	55.2865
TCAAAC	3858	4930	1440	55.2812
CGTCTC	3655	3218	953	55.1937
ACCAGG	5992	6709	2807	55.1804
AAGGTG	5579	6211	2454	55.1737
ACCACG	2671	2894	672	55.1388
TTTGAC	3502	4510	1225	55.0973
CATCAC	3911	4662	1388	55.0972
CGACAC	1801	1776	336	55.0833
ACGTCC	2389	2129	480	55.0781
AGAATG	5272	6357	2380	55.0061
CAGAGA	8085	9415	5048	54.9941
AACTCG	2007	2243	436	54.9189
CACTGC	6235	6672	2895	54.8309
AGCACC	5420	5831	2258	54.7650
CCTTAA	4008	4825	1460	54.6659
AATTGC	3141	3356	868	54.6604
CTCGCA	3059	2832	737	54.6180
TTCTCC	8304	8555	4735	54.5692
AAACGC	2842	2667	660	54.4359
ATCAGG	4126	4710	1466	54.4339
CCAAGC	6001	6460	2714	54.3861
ATCGCC	2049	1895	388	54.2811
TTGAAC	3183	4141	1047	54.2543
AGATGA	4905	5883	2079	54.2538
TTGATC	2443	3159	669	54.2499
TCCAGA	6763	7848	3614	54.1202
CATTCC	5364	5691	2187	54.1078
GATTCC	4257	4553	1462	54.0945
CTTTCC	8877	9289	5438	53.9409
CTGCAC	5944	6457	2688	53.9064
CACTCC	6481	6635	2981	53.8847
ATGAGA	4522	5357	1778	53.8022
AGTCAA	3566	4717	1290	53.7140
TGTGTC	4773	6030	2072	53.7046
TTGCCC	5244	5363	2031	53.6422
ATGCTG	4701	5640	1926	53.6327
AATAAG	4239	4703	1497	53.5416
CGAGCA	2712	2700	640	53.5364
ATTCCC	5205	5387	2025	53.4482
TAAGCA	3635	4667	1299	53.3770
CAGAAA	8023	9251	4926	53.3587
AAGGTA	3484	4293	1165	53.3235
TACCGC	1566	1536	270	53.2941
TCCACC	6499	6687	3008	53.2628
CGTACC	1083	1076	163	53.2286
GAACCC	5095	5439	2003	53.1781
ATAGTA	2180	2805	552	53.1513
CCACTC	6558	6715	3044	53.0924
AGTGAA	5160	5987	2207	53.0737
CGCATC	2134	2028	420	53.0588
TCTGGC	6540	6938	3128	53.0193
TCGTCA	1469	1492	252	52.9678
CAGAAG	7519	8902	4473	52.9605
CCACCA	6328	6906	3022	52.9439
ACTTTG	4916	6395	2240	52.9258
ACCAAA	4675	5789	1959	52.8261
CCATAA	2789	3466	803	52.7410
CAACAG	4652	5742	1936	52.7195
GCAGAC	5003	5637	2033	52.6931
TAACAC	2876	3532	837	52.6894
TTGTTC	4227	5400	1683	52.6274
CTTTCA	6199	7087	3035	52.5885
CTCAAA	5504	6628	2562	52.5256
AACTGC	4769	5372	1865	52.3483
CGACGA	1090	941	149	52.2967
ACATGC	3166	3894	985	52.2897
ACTTAT	2603	3263	720	52.2287
CTGTTA	3690	4473	1266	52.2195
ACCTTG	4346	5464	1742	52.1921
AAGTAG	3636	4783	1324	52.1107
TGAACA	4179	5398	1664	52.0961
AACGTC	1791	1859	342	52.0753
TTAAGC	3103	3668	920	52.0514
TGCACC	4577	4861	1645	52.0466
ACAGCT	5608	6943	2716	52.0112
AACAAG	4626	5913	1975	51.9918
GATCGC	1543	1749	292	51.9837
ACACAC	4924	6547	2288	51.9566
AATCCC	4804	4884	1724	51.9275
CTGCGA	3539	3118	896	51.9098
ACGTAA	1307	1290	208	51.8919
ACCGAG	3146	3143	817	51.8895
ATTGGG	3876	4067	1216	51.8006
GACCAC	3936	4641	1382	51.7726
GCCAAC	3791	4262	1242	51.7531
TCGAAC	1073	1193	172	51.7502
ATCACG	1513	1688	280	51.7132
ATGAGG	4839	5070	1793	51.6843
ATGAAC	3194	4070	1029	51.6786
CTCTGA	6944	8269	3877	51.6040
ATGGAG	5338	6049	2292	51.4373
AGCACA	5177	6571	2401	51.4165
TACTAA	2580	3330	725	51.3538
AGTTGG	4522	5315	1759	51.3321
TGGTGC	4621	4964	1688	51.2969
AAGTGC	4497	5047	1672	51.2935
CTGACA	5013	6282	2239	51.1794
TAACCC	3221	3784	973	51.1143
AGTCAC	4468	5733	1860	51.0772
AGTCCG	2701	2647	623	51.0679
AAAGCC	6486	7316	3252	51.0236
ACGGAA	2582	2721	614	50.9948
CCGTAC	1074	1118	164	50.9747
AACAGG	5393	6380	2425	50.7940
CCATGA	3716	4237	1212	50.7747
TACGGC	1314	1137	190	50.7661
AAAGTG	5806	6673	2701	50.7398
CAAGCG	2732	2796	657	50.6704
ATCATC	2901	3353	803	50.6271
TAACTC	3083	3885	957	50.5213
GTCAAC	2397	2968	619	50.4418
TTCAAC	3467	4042	1095	50.4314
TGTCCA	4681	5854	1974	50.4202
ATTCCG	1952	1901	369	50.4182
ACCTCA	5052	5921	2136	50.3151
CATGAC	2706	3499	784	50.3130
CTTGGC	6220	6795	2923	50.2632
AGACGG	3252	2626	719	50.1030
CGACTC	2687	2385	568	50.1000
AGTGGC	5470	5971	2312	50.0675
CTTCAA	4759	5921	2023	50.0537
TCTGTC	5741	7243	2877	50.0164
GATCCC	4215	4263	1358	49.9344
AGAACA	5334	6940	2587	49.9210
AGTTCC	5206	6239	2299	49.8696
CATGTA	2567	3359	724	49.8142
GACTCC	5762	6067	2458	49.7877
TAGCGC	1850	1872	349	49.7770
CATGAG	3517	4149	1132	49.6719
TAATAC	2437	2703	580	49.6352
AACCAA	4626	5818	1940	49.5781
AATGCC	4099	4347	1347	49.5462
TGTAAC	2806	3625	831	49.5362
AATTGG	3554	3726	1041	49.4932
TCCATC	4822	5481	1909	49.3617
AGACAC	4991	6332	2240	49.1606
CAAGTG	4453	5689	1836	49.0149
CTTCCA	7428	8188	4082	48.9859
TCTGCA	6448	7227	3192	48.9725
ATTCTG	5298	6408	2390	48.9596
CCATTA	2904	3423	814	48.8981
TGTCTC	5735	6897	2746	48.8628
AAGAGG	7792	8150	4249	48.8099
GATGCC	4078	4373	1346	48.7937
CAGACC	5671	6215	2473	48.7726
AGACCG	2647	2741	626	48.7208
AGGACA	5966	7322	3006	48.6905
TCTCTC	7165	8028	3875	48.6479
ACCATG	3042	4013	968	48.6039
TGCCAC	5106	5687	2075	48.5644
CTCTTA	4087	5237	1579	48.5167
CATGTC	3011	3752	906	48.4628
CATCAA	3277	4088	1048	48.2961
CACACG	3065	3174	798	48.1755
TCGGAC	1858	1791	336	48.0878
CCCAAC	5658	5747	2297	48.0874
TGTGGC	5761	6548	2628	48.0376
ACAGGC	5842	6357	2591	47.9838
AATGCT	4280	5115	1610	47.9679
AATCTC	4200	4786	1493	47.9496
CGTTAC	1142	1121	168	47.9160
CCCGAA	3163	2878	754	47.8985
CTGTAA	4280	5329	1669	47.8320
ACAGAT	4199	5507	1689	47.8307
TGCATC	3538	4309	1171	47.8205
ACACAA	4702	6174	2070	47.6359
TACCAA	2818	3648	834	47.5091
TTGTCC	4413	5377	1728	47.4550
AAGAGA	7087	8436	4011	47.4355
ATCCAG	4908	5716	2008	47.4248
TGGCAC	4500	4876	1612	47.3363
AAAGGC	6497	7254	3220	47.3162
CAAAGC	5932	7090	2899	47.1481
AGAAAC	6531	7833	3471	47.1178
AACAGA	5503	6971	2664	47.0950
TGAGTC	4253	5270	1641	47.0030
TCATCC	4463	4975	1628	46.9979
CTCGTC	2459	2239	497	46.9945
GTCCAC	3953	4393	1310	46.9026
TAGGAA	5221	6318	2322	46.8300
TAACCA	3280	4069	1041	46.7825
ATGTCT	3854	5012	1437	46.6479
TCTTCA	5847	7169	2888	46.6228
CTCTTC	7877	8470	4441	46.5943
ATGTGG	4381	5035	1617	46.5072
ATCCAA	3546	4510	1217	46.4326
CCAGTC	5753	6324	2538	46.4262
AGAAGA	6912	8288	3851	46.2019
ACGACC	1682	1604	284	46.1922
AAGCCC	6853	6729	3153	46.1850
ATTCAC	3671	4165	1170	46.1326
TGATGC	3183	3870	970	46.0915
CCACAA	4834	5854	2019	45.9702
CTTATC	2662	3358	738	45.9163
CCAACG	2264	2076	436	45.9021
TTCTGC	6671	7547	3417	45.8627
CTTGTC	4340	5603	1761	45.8587
ATCTTG	3748	4846	1359	45.8507
CTGGAA	7844	8544	4457	45.8492
AGCACG	2714	3018	686	45.8343
ACAAGT	3602	4864	1316	45.7684
ACAGGG	6293	6831	2954	45.6748
CTGATA	2891	3652	849	45.6584
TCACGA	1490	1768	278	45.5584
ACTGCA	5007	5751	2050	45.5025
ATATGC	2333	2800	568	45.4785
ACAAGG	4640	5814	1932	45.4472
AAGCGA	2451	2568	551	45.4100
ACTCAG	5633	6857	2676	45.4016
TCGAGC	1831	1875	340	45.3919
GCACAC	4569	5787	1897	45.3438
TGCCTC	7184	7437	3609	45.3351
TACTTC	3571	4326	1178	45.2456
ACTTCT	5426	6621	2504	45.2013
AACACT	4292	5612	1744	45.1967
CATTGA	3127	3633	903	45.1935
TCAGAC	4364	5327	1690	45.1264
CATGGG	4221	4534	1422	45.0508
AACACA	5284	6800	2503	45.0393
CAGTGA	5663	6762	2654	45.0245
AGAAGG	7980	8682	4594	44.8584
AAGAAG	6832	8102	3726	44.8394
AAGTCG	1945	2015	376	44.8339
CCTATA	2095	2709	505	44.8033
TCACAC	4465	5452	1760	44.7472
TTTAGC	3370	4244	1100	44.7372
ATGAGC	3432	4171	1101	44.7266
AATGGA	4887	5588	1952	44.7231
ACAGAA	6518	8087	3559	44.5739
CTTTGC	6005	6983	2883	44.5397
AACACC	4159	4946	1514	44.5224
AATGTC	3663	4700	1293	44.5193
GGATCC	2685	2657	609	44.5082
CATCTG	5291	6291	2334	44.4958
CGTGCA	2522	2684	583	44.4564
CCGCTA	1883	1988	362	44.3848
CAAAAG	5983	7104	2918	44.3254
ACTTCA	4645	5830	1935	44.2410
AATCTA	3041	3933	941	44.2305
ACAGAC	4720	6105	2046	44.1811
CACAGA	6745	8314	3768	44.1485
GAAGCC	7188	7560	3662	44.1383
CAGTCC	6049	6385	2673	44.1147
ACCTTC	5115	5768	2091	44.0140
TGCGAC	1793	1815	324	43.9214
AATGGG	5420	5475	2102	43.8955
CACTCA	5167	6036	2198	43.8059
ACATAC	2662	3531	765	43.7991
AGAAAG	8453	9834	5444	43.7616
AGTTGA	3510	4436	1182	43.7555
CATGGA	3984	4666	1382	43.7528
TTATGC	2416	2940	605	43.7331
CGACCA	1987	1832	353	43.6589
ATTGCA	3384	3691	976	43.6419
ATCTGG	4816	5508	1898	43.5452
AGTTAC	2938	3779	881	43.4714
CCTTGA	4841	5825	2005	43.4630
ACAATC	2726	3329	742	43.4016
ATGTTG	3199	3914	977	43.3522
TTCTCA	6531	7729	3416	43.3271
ACTTGG	5001	6087	2148	43.2397
AGCAGA	6678	8100	3641	43.1570
TGGACC	4164	4785	1468	43.1407
AACTCC	5358	5776	2181	43.1261
AGCTCA	5174	6430	2328	43.1256
TGTTAC	2926	3432	808	43.0939
CAAGGG	6012	6494	2696	43.0779
AAGTCT	4661	6108	2020	43.0192
AAGAAC	4721	6236	2082	42.9751
TTTACC	3708	4218	1185	42.9450
ATCTCT	5113	6328	2269	42.8839
CATATG	1284	1680	236	42.8732
AGATCG	1368	1585	237	42.8720
TACACA	3749	5380	1481	42.7547
CACTCG	2794	2685	631	42.6220
ATGTAG	2807	3874	863	42.5921
ACTACG	1210	1326	190	42.5194
ACTTAC	2610	3118	675	42.4798
GAAACC	5437	6047	2302	42.4621
ACAACA	3740	4982	1380	42.3451
AACATC	3377	4178	1081	42.3365
AAACCA	5593	6751	2611	42.3000
TATGGC	2184	2924	551	42.2937
TATCCA	2896	3844	880	42.2806
TTACAC	2970	3718	874	42.2112
CGATGA	1416	1522	235	42.1571
CCATCA	4210	5076	1559	42.0630
CTAGGC	4053	5051	1500	42.0079
ACATCT	4191	5392	1638	41.9483
CGCTAA	1454	1605	249	41.9185
CCGATC	1463	1604	250	41.8908
ATGCTC	3491	4630	1216	41.8869
CATTAG	2868	3471	799	41.8352
CCGTGA	2655	2530	574	41.8273
ATAAGG	3183	3720	927	41.6512
ATTCTC	4735	5458	1848	41.6334
GAAAGC	6314	7075	3046	41.5618
ATGCCA	3959	4631	1359	41.5400
AGTCAG	5154	6511	2341	41.5359
ATCAAC	2429	3122	634	41.5244
AGATGC	4431	5357	1711	41.4793
CGAACG	1271	1072	168	41.4450
AGCGCT	2241	2182	442	41.4427
AACTGG	5124	5899	2129	41.4343
CAGCAC	6164	6834	2885	41.3960
TAATGC	2519	2943	622	41.3725
AAGTGT	4423	5780	1828	41.3514
AAACTG	5995	7173	2939	41.2669
AGGTAG	3920	4966	1432	41.2625
ACTTGA	3806	5024	1409	41.2473
CTGCAA	5604	6195	2415	41.1849
CCGAAA	2541	2292	509	41.1727
CAAGGC	5980	6589	2712	41.1019
TCCAAC	3994	4752	1400	41.0932
TGTTTC	6069	7134	2957	41.0392
CTCAGA	6834	8303	3799	41.0348
TTTGCC	5337	5813	2179	41.0147
ACATTG	3136	3893	950	41.0087
ATGGCT	4079	5413	1601	40.9385
AACCAG	5175	6151	2229	40.7237
GTTAAC	1326	1532	223	40.7188
ATTCGC	1462	1314	214	40.7004
ACGGTC	1775	1768	310	40.6735
AGCTGA	5824	6801	2723	40.6536
ATCTTC	4279	5182	1607	40.6316
AAAGAC	5253	6468	2365	40.6301
CGAAAA	2106	1932	380	40.5949
TAGTTC	2878	3864	875	40.5772
CATTAC	2470	2977	616	40.5724
CCTACC	4404	4784	1535	40.4265
CGTTTC	3155	2888	738	40.4237
TTACCA	3291	3869	984	40.4201
AAGCAT	4007	5059	1482	40.3661
ACAGCA	5776	6974	2764	40.3357
ATGCTA	2557	3598	743	40.2929
CGTCGA	870	708	98	40.1711
TACAGA	4233	5741	1742	40.0595
GATTAC	1978	2243	406	39.9426
ACGTCT	2019	2043	383	39.9219
GATAAC	2142	2555	481	39.8035
GTAACC	2461	2830	587	39.7345
ACTGAT	3241	4007	999	39.7106
ATGGTG	3665	4699	1280	39.6863
ACTCAT	3366	4000	1031	39.6620
TGCACA	4706	6058	2012	39.6336
CGGCTA	1744	1850	315	39.5971
CACAGG	6904	7808	3618	39.5697
CCCAAA	6887	7290	3387	39.5575
TCGTCC	2464	2246	485	39.5454
CCGTAG	1763	1951	331	39.5036
CCTCGA	2677	2403	549	39.5002
ATCTCC	5040	5490	1959	39.4826
TATGAC	2057	2680	483	39.4443
CACCAC	5447	5961	2266	39.4242
ATTAGG	3124	3372	833	39.4217
AAGCCT	5897	7122	2869	39.3771
GACGAC	1728	1704	293	39.3265
ATGTGC	3411	4145	1075	39.3034
ATATGG	2422	3059	617	39.2865
CTGTGC	6310	7234	3099	39.2629
CTTACC	3132	3640	891	39.1677
TTATCC	3112	3469	850	39.1306
CCGTAA	1240	1200	176	39.1274
CAAGTC	4241	5341	1633	39.1045
TATAGC	1810	2480	408	39.1021
CTGTGA	6040	7142	2940	39.0644
CGTAAC	1001	941	128	39.0204
AATAGG	3461	3841	1018	38.9855
CAAGCC	5545	6468	2480	38.9680
TCATGC	2932	3404	794	38.9592
AACTGT	4237	5664	1719	38.9141
AACGGA	2319	2400	486	38.8944
CAGATA	3547	4566	1210	38.8806
ACATCC	3924	4613	1336	38.8782
CTCAAG	4884	6255	2140	38.8330
AGTTCG	1648	1722	284	38.8323
ACAGGA	6215	7662	3220	38.7689
GACAAC	2973	3867	896	38.7411
TTGTAC	2286	2956	570	38.7179
AAGACA	5563	7152	2726	38.7018
TCTACA	3474	4714	1221	38.6834
CCATAG	2675	3701	787	38.5965
AGCTAA	3247	4562	1117	38.5861
CGGTTA	1248	1266	183	38.5357
CTCTCA	6413	7221	3138	38.4860
TATTGC	2513	2816	592	38.3887
ATCAAG	3264	4115	1025	38.3286
CAATAC	2211	2722	517	38.3273
ACGGGA	3042	2866	706	38.3122
CACGAC	1792	1772	309	38.2917
CTACGC	1655	1698	281	38.2784
AGACAG	6472	8051	3499	38.2707
AAAACG	3135	3005	754	38.1932
ATGTAC	2098	2704	492	38.1877
AAACGG	2765	2500	580	38.1609
CAATGC	3153	3591	883	38.0813
AGAGAG	7734	8781	4484	38.0217
CGATGC	1651	1674	277	38.0128
AACCCT	4989	5910	2070	38.0053
ATGACC	2947	3614	837	37.9698
AGACCT	4816	5920	2007	37.9252
TCTCAA	4724	6028	2004	37.8080
TAAACC	3336	3965	1010	37.7361
TAGTCC	2771	3583	787	37.6857
GAACTC	4256	5280	1617	37.6711
CAACCC	5289	5597	2077	37.6629
CAACCA	4061	5045	1488	37.6434
ATCACC	3443	4004	1047	37.6023
TAGTGA	2851	3967	880	37.5504
ATCTAC	2249	3117	585	37.5453
TACTGA	3437	4430	1142	37.5186
ACTACT	2522	3460	704	37.5057
CAACTC	4500	5124	1655	37.5049
TGTTGC	3769	4436	1241	37.4803
TGAACC	3538	4252	1130	37.4220
CAGTTC	5214	6108	2219	37.4206
TTGACC	3117	3727	901	37.4014
ACGCTG	3521	3274	895	37.3214
CTTCAC	5243	5931	2171	37.3186
AGATCA	3522	4558	1196	37.2821
TCAGGA	6486	7451	3260	37.2523
ATAGGC	2399	2948	589	37.2331
AAGGAC	5000	6302	2196	37.2066
TCGTGC	1884	1839	329	37.1861
CATCAG	4284	5191	1600	37.0280
TACATC	2457	3233	649	37.0227
TCTGAC	4560	5751	1857	37.0220
ACCATC	3178	4027	979	36.9917
AACCAC	4223	5040	1538	36.9815
ACAGAG	6792	8255	3742	36.9406
CCATGC	3688	4294	1181	36.8676
AATACC	2714	3264	712	36.8619
AGTAAC	3024	3580	846	36.7909
TCCGAA	2165	2284	437	36.7195
CGAAAC	1830	1675	298	36.7103
CAAGAA	5666	7074	2738	36.7065
CTTGTA	3061	4128	967	36.6817
CTAGAA	4263	5674	1724	36.6295
ATACTA	2120	2711	494	36.5654
AATTCG	1471	1363	215	36.4650
AAACGT	2432	2479	514	36.4376
TATGGA	2783	3664	802	36.4070
TCCACA	5489	6477	2451	36.3969
CTACCG	1750	1741	296	36.3404
TGGTTC	4233	5222	1589	36.3333
ATCGAT	408	491	49	36.3324
ACTGGC	5021	5544	1959	36.2843
ATGCGG	1969	1784	331	36.2763
AACGGT	1495	1554	240	36.2738
CAGTTA	3430	4331	1114	36.2658
CATAAC	2166	2710	502	36.2028
ACTGAC	3861	4892	1379	36.1825
TGAGCA	5118	6515	2309	36.1642
TCTAGA	2110	3142	555	36.1450
CCGAAC	1977	1983	361	36.0898
ATTACG	935	905	116	35.9486
AGGATG	5599	6597	2537	35.9034
AAGGAT	4492	5588	1781	35.8636
CCCTAG	4819	5536	1883	35.8631
CCTTGC	5737	6366	2511	35.8433
ATGCAC	3128	3987	954	35.8432
AAACGA	2242	2316	453	35.7959
CCACGA	2534	2493	533	35.7888
ACTATG	2252	3138	585	35.7690
TATTCC	3634	3926	1074	35.7424
AAATCG	1780	1801	307	35.7161
CGATCC	1769	1858	313	35.6573
AGAATC	4210	5145	1558	35.6312
CAAACC	4869	5736	1962	35.5464
ATGCCG	1764	1479	261	35.4874
CTTCGA	1720	1790	297	35.4835
CTATCA	2401	3386	658	35.4716
GCAAGC	4282	5626	1714	35.4605
ATAAGC	2643	3189	679	35.4384
CAATTC	3569	3994	1072	35.3581
CTCGAC	1828	1672	295	35.3116
TCTCAC	5035	5969	2097	35.2777
CTTCAG	6746	8081	3639	35.2639
TCAATC	2654	3189	681	35.2630
CTCCAA	6324	6922	2967	35.2625
ACCACA	4532	5887	1880	35.2523
ATCTGC	4350	4979	1557	35.2445
AATCCT	4667	5377	1779	35.2350
AGATTG	3299	4078	1018	35.2242
TAAGGA	4396	5549	1733	35.1856
CCTAGG	2901	3459	788	35.1112
CATCCA	4519	5312	1708	35.0435
TATCAC	2262	2912	550	35.0271
CCTAGC	4323	5372	1657	35.0033
TTGGAC	3375	4213	1068	34.9238
CTTGCA	4361	5451	1692	34.8881
GTGCAC	1998	2503	437	34.7769
TTCCAC	5748	6176	2442	34.6505
TAGTCA	2491	3599	713	34.5475
ACCTTA	2841	3729	824	34.4988
TTCAGC	5437	6054	2277	34.4732
ACCCGA	2619	2608	566	34.4267
AGTTGC	3649	4262	1155	34.4129
TCAAGA	4319	5561	1706	34.4049
ACCAGC	5452	5776	2186	34.3436
AAGACC	4331	5231	1618	34.2485
AAGGGA	7592	8105	4074	34.2263
ATCCTG	5249	6170	2242	34.2162
CCATCG	1968	1961	353	34.1934
CAGTAA	3927	4802	1371	34.1865
CTTGCC	5516	6157	2342	34.0575
AGCATC	4167	5423	1613	34.0437
CTATGA	2553	3484	707	33.9732
AACCGA	1904	2096	362	33.8493
CACGAG	2446	2573	527	33.8247
AACTGA	4885	5968	2034	33.8015
AGTCTG	5124	6614	2335	33.7939
CATGCA	3590	4383	1165	33.7847
TTCGAA	864	920	109	33.7770
CATCTC	5391	6354	2359	33.7432
AAAGAG	7378	8442	4118	33.7395
CTCATC	4471	5034	1607	33.7200
CTTAAC	3091	3952	931	33.7137
ACCGTC	2052	1729	329	33.7048
ACGCGT	708	741	83	33.6311
CGGTCA	2174	2136	409	33.5713
CCCCTA	4571	4706	1542	33.5055
ACGCAA	1755	1795	299	33.4998
ACGAAA	1818	1858	316	33.4736
CGGTAA	1324	1246	182	33.4120
CAACTA	2497	3295	660	33.4089
CATCTA	2939	3954	890	33.3812
ATAGGA	3306	4217	1045	33.3771
ATTTCG	1588	1499	240	33.3667
TCCTCA	6867	7250	3337	33.2823
AAGCAG	6904	8119	3727	33.1177
TCTCGA	1653	1808	286	33.0343
CACTAA	3114	4077	961	33.0188
CGAAGA	2551	2372	508	32.9643
ATGCCC	4203	4423	1350	32.9194
AAGAGC	5676	6700	2595	32.9108
AGTGTC	4043	5256	1522	32.9049
ATGGTC	2455	3343	657	32.8071
AGTGCC	4870	5035	1734	32.7868
CGGTAC	1066	1229	153	32.7716
ATGGAC	2858	3627	804	32.7262
AAGACG	2542	2469	523	32.5849
TGTACA	1704	2372	363	32.5637
AGTCCA	4549	5436	1746	32.5512
ATGCCT	4097	4941	1456	32.5451
ACACCG	2489	2580	533	32.5006
TCGAAA	1454	1552	229	32.4981
ATGATC	2152	2794	504	32.4959
AGGTTA	3202	4014	970	32.4419
CAGTCG	2424	2328	478	32.4146
AACACG	2159	2321	433	32.4065
AACCTG	5079	6160	2165	32.3848
CTAAGA	3724	5224	1403	32.3721
CGACAA	1282	1408	193	32.3016
ATCTCA	4248	5307	1604	32.3010
AAGGCT	5966	7401	2978	32.2945
GAGCAC	4625	5501	1791	32.2872
TGAAGC	4896	5921	2018	32.2524
CTAGCC	3682	4942	1321	32.2341
ATTGCG	1278	1230	174	32.2109
AAGCAC	4632	5578	1816	32.2032
AATGCG	1742	1530	260	32.1900
CAGTCA	4781	6020	2004	32.1529
ACCATA	2157	3039	541	32.1448
ACCGAC	1838	1768	304	32.1204
AGAAGC	6761	7819	3524	32.0842
CCTAAA	4484	5212	1657	32.0675
TCTACC	3376	4377	1096	31.9717
ATCCAT	3139	3800	907	31.9506
GAATGC	3756	4215	1166	31.9424
CAATTG	1330	1552	213	31.9200
AACGCT	2213	2284	435	31.8756
AACAGC	5276	5854	2138	31.8218
TTCTAC	3652	4470	1197	31.5970
AACCTC	4625	5311	1732	31.5256
TCACTC	5038	5662	1986	31.4797
ATCTCG	1698	1727	279	31.4323
AGAGAC	6072	7230	2959	31.3748
CTAGCG	1999	2181	384	31.3566
TGGATC	3159	3884	928	31.3414
TCGGTC	2177	2068	394	31.2193
TACCTC	3395	4019	1019	31.1528
ACTGCC	5410	5806	2169	31.1398
CATTGC	3368	3908	987	31.1373
AGCGAA	2485	2367	492	31.1319
CACTGG	6302	6901	2933	31.1267
ACAAGA	4360	5854	1791	31.1218
AGGCAC	5444	5981	2242	31.1180
ACGGAG	3507	3326	887	31.0390
AGTCCT	5443	6641	2468	30.9432
TTCGCA	1870	1646	289	30.9257
CAGCAA	5757	6712	2626	30.9065
CAACTG	4135	5077	1499	30.8995
AAGGCA	6319	7380	3129	30.8991
ACGGAC	1957	1939	342	30.8989
CAAGTA	2902	3943	871	30.8802
ACACTC	4126	5194	1527	30.8624
ACTCAA	3813	4910	1351	30.8450
GAGTGC	4312	4714	1456	30.8184
CGAATC	1555	1424	223	30.7840
ACCCAA	4546	5562	1775	30.6938
CTTTAC	3753	4648	1267	30.5824
CGTTGA	1393	1473	210	30.5758
TCTTAC	3059	4074	938	30.4807
CGCGTA	932	824	103	30.4683
CCTGAA	6342	6937	2962	30.4529
AGACCA	4525	5790	1832	30.3337
CATACA	3021	4279	968	30.2985
AAGCTT	2564	3305	669	30.2686
CGTAAA	1422	1394	204	30.2291
ACGTTG	1606	1630	253	30.1689
CGATCA	977	1224	140	30.1573
TACTCA	3077	3810	888	30.1355
TAGGAC	2897	3946	868	30.0961
AGGTTC	4182	5395	1597	30.0341
ATAGCA	2878	3791	833	30.0104
AAGTAC	2657	3554	734	29.9886
CCAAGA	5881	6942	2760	29.9828
CTACGA	1097	1212	151	29.9790
TACTAC	1811	2408	381	29.9575
CACGTA	1403	1563	220	29.9521
AGGATC	3736	4534	1232	29.9484
CCCTAA	4358	4938	1530	29.9046
TACGCA	1239	1341	178	29.9012
GAATCC	4151	4612	1376	29.8983
AAAAGG	7261	7939	3814	29.8967
TGCTTC	6013	7137	2891	29.8759
AACTAG	2812	3958	847	29.8685
ATCCGA	1432	1551	222	29.8345
ATGTTC	3277	4059	992	29.8037
ATGCAG	4752	5282	1760	29.6904
TCCCAA	6177	6693	2792	29.6773
ACCTAA	3107	3877	908	29.6286
CCTACG	1696	1881	295	29.6254
TGGTAC	2029	2809	475	29.4766
AAGCTG	6234	7520	3138	29.4477
CACCTA	3452	4257	1083	29.4444
AACGTT	1006	1082	130	29.4258
CTAAAC	3216	4101	983	29.3382
ATCGGC	1543	1338	209	29.3235
TTACGC	1033	999	125	29.2992
CATAGA	2792	3872	824	29.2829
AGAACT	5112	6761	2360	29.2566
ATGGGA	5257	5752	2087	29.2468
CCCTTA	3919	4495	1274	29.2137
ACGCAT	1408	1569	220	29.1737
ACTGAA	5009	6353	2186	29.0715
GAAGAC	5187	6030	2152	29.0308
TGGAAC	4310	5185	1580	29.0172
CGTAGC	1644	1754	271	29.0011
TTCGAC	1016	1032	126	28.9572
CCAAAG	6397	7490	3201	28.9217
ACTTCG	1957	1967	342	28.8763
ATACAG	3354	4359	1076	28.8742
ACGAAG	2185	2183	408	28.7645
AACGAG	1961	1945	339	28.6608
CTGTTC	5113	6262	2197	28.6206
ATAGAG	3104	4159	962	28.6021
ATGGTA	2385	3096	590	28.5972
ATCGCT	1602	1891	281	28.5403
CTACCA	3131	4115	960	28.4718
ACGGCA	2205	1771	345	28.4221
CACAAC	3616	4429	1166	28.2903
CACTTA	3518	4297	1107	28.2702
ATAGTG	2284	3195	583	28.2679
AGACTA	2829	4178	888	28.2450
GATCTC	3468	4079	1043	28.2031
ATCCCA	5104	5667	1999	28.1777
CTCAAC	3752	4535	1231	28.1517
CTCGAG	1611	1580	244	28.1421
ATACCG	886	950	107	28.1258
CCAACA	4406	5286	1637	27.9940
AGAGCT	6315	7624	3211	27.9520
AACTCT	4808	6153	2039	27.9256
CTGAGA	7041	8388	3892	27.8059
TGATCC	3123	3775	885	27.6339
TTCGTC	1669	1588	251	27.6187
CCTGTA	3598	4726	1228	27.6103
AAGACT	4601	6050	1926	27.5931
ATACAC	2753	3737	784	27.5428
CGTTTA	1664	1675	261	27.4666
GAACAC	3860	4969	1369	27.4146
TAGATC	1879	2760	434	27.4127
CTAACA	3140	4095	955	27.4063
CCTAGA	4466	5611	1748	27.3913
TAGAAC	2854	3959	851	27.3657
AGAACC	4879	6044	2031	27.3540
ACCGAA	1882	1872	315	27.2739
AGGTAC	2483	3161	618	27.1143
TGAGAC	4321	5573	1684	27.1120
AACCAT	3137	4094	953	27.0976
TCCTAA	4384	5375	1651	27.0682
AGGAAC	5695	6661	2565	26.9057
AAGATC	3124	4158	962	26.9030
TCGATC	843	1005	106	26.8727
CTCACA	5375	6482	2369	26.8600
GATTGC	2512	3076	609	26.8317
AACGGG	2600	2181	467	26.8194
TAGCGA	1268	1406	183	26.8181
TTGCAC	3481	4066	1039	26.8101
TTGTGC	3704	4489	1201	26.7967
TCTTGC	4642	5634	1816	26.7888
ACCTAC	2727	3511	734	26.7767
GAATAC	2404	2985	571	26.7426
TAAGAC	2688	3825	781	26.7343
GACTGC	4779	5133	1712	26.6374
AGAACG	2499	2774	554	26.5908
ATCCCC	5275	4929	1806	26.5825
CACTGA	5382	6498	2376	26.5468
CTACCC	4222	4801	1437	26.5396
CAAGGA	6062	7096	2883	26.4358
TCGGCA	2174	1836	347	26.3651
ATGTCG	1003	1120	129	26.3628
TGCAAC	3223	3685	887	26.3609
TGATCA	1514	2003	277	26.3487
CCGGTA	1398	1522	209	26.3194
ATATCC	2460	2876	563	26.3009
ACACGG	2549	2610	534	26.2863
AATCGA	1197	1246	159	26.2547
TTAGTC	2451	3289	630	26.2496
AACCTT	4144	5442	1582	26.1705
AGAGCA	6208	7689	3177	26.1626
CTTACA	3294	4504	1081	26.1545
ACCAAC	3238	4031	964	26.1514
ACTGTA	3294	4467	1073	26.1395
TACCCC	3440	3706	944	26.0752
AGACTC	4746	6086	1987	26.0668
ACCTCT	5595	6479	2455	26.0374
CACCAG	6144	6790	2800	26.0171
ACGTTC	1810	1929	310	25.9479
AGACTG	5390	6785	2474	25.9263
AACCCA	5271	6355	2280	25.9252
CAGATC	3861	4888	1343	25.7146
ACAGTA	3342	4542	1102	25.7057
AGATCC	3945	4725	1328	25.6612
CAAACG	2361	2455	473	25.6465
TTACTC	3248	3728	900	25.6117
CAGTGC	5678	6130	2362	25.5543
TTCACC	4736	5095	1682	25.5433
TATGTC	2251	3048	546	25.5315
AGATAC	2752	3597	752	25.5022
ACCGGT	748	991	95	25.4942
AGTAAG	3283	4474	1069	25.4733
GTACAC	1934	2744	438	25.4674
AGCATA	2594	3583	711	25.4356
ATGCAT	1763	2305	350	25.4003
ATTCGA	1161	1205	150	25.1974
ACGGAT	1408	1557	212	25.1926
TAAGTC	2599	3535	703	25.1425
TAAGCC	3211	3826	910	25.1085
AGTTAG	3015	4188	932	25.1027
AGATTC	4043	4798	1375	25.0759
ATAGCC	2369	3232	599	25.0164
CTGATC	3188	4022	945	25.0089
ATGTCC	3303	4167	1007	24.9929
TAGAGC	3402	4504	1109	24.9782
AACCTA	2927	3960	863	24.9410
AACGTG	2395	2395	467	24.9205
ATCCTC	4764	5293	1749	24.9151
ATTGAG	3282	3732	907	24.9058
CATTCG	1620	1636	246	24.8956
AGTCTC	5208	6377	2257	24.8085
TAGCCC	3593	4325	1123	24.8047
TGTTCC	5157	5987	2109	24.7636
ACGAGC	1991	1946	335	24.6712
TATACC	1698	2193	324	24.6663
ACTGAG	5827	6957	2719	24.6295
TACCCA	3531	4676	1185	24.5359
TAGACA	2997	4437	974	24.5354
AACGCA	2178	2241	406	24.4438
ACACCA	4223	5516	1623	24.4406
CATCGG	1547	1617	234	24.4290
TTAGCC	3082	4068	924	24.3946
AGTACA	2832	3954	835	24.3917
GTTCAC	3184	3976	932	24.3164
ATCCCT	5061	5550	1930	24.2989
AAGCTC	5001	5831	1998	24.2954
ATCGGA	1331	1525	198	24.2852
AACAGT	4045	5293	1501	24.2092
AGCTTC	5705	6657	2556	24.2009
ACTGCT	4932	6078	2049	24.1775
CTTAGC	3386	4680	1140	24.1370
GATACC	2006	2576	425	24.0589
TTACCC	3283	3712	900	24.0231
ACGGCT	2479	2246	453	24.0212
GAGAAC	5029	6022	2068	23.9937
CTAACC	2889	3788	817	23.9716
TACGAC	716	724	73	23.9440
ATACTG	2866	3757	805	23.8803
ACAACG	1522	1653	234	23.8586
CTCGAA	1948	2045	341	23.8490
AACGAA	1933	2025	336	23.8308
CATCGA	1063	1235	141	23.8211
TCTAGC	3226	4453	1042	23.8033
ACTCGT	1338	1535	199	23.8011
AGTGAG	5646	6631	2520	23.7746
CGCTTA	1448	1455	203	23.7640
CTCCTA	4765	5670	1859	23.7467
CCCATA	2829	3490	745	23.7246
TAAGGC	3292	4067	978	23.7041
AGTGTA	2803	4013	836	23.6910
TAGCCA	3501	4969	1239	23.6798
TCGTAA	976	927	107	23.6406
CGGATA	1047	1116	129	23.6333
ACCTAT	2276	2952	531	23.5443
ATAGCG	1042	1147	131	23.5049
AGTGCA	4144	4900	1427	23.3500
CCTCAA	5239	5761	2059	23.3191
TTGAGC	3654	4576	1194	23.1929
ACGGTA	1057	1056	124	23.1297
ATTGCC	2998	3427	770	23.1141
TCACCA	4820	5769	1906	22.9817
CTTCTA	4405	5623	1711	22.8106
ATAGCT	2606	3739	733	22.8058
AACGAC	1399	1447	195	22.7936
AAGGGT	4805	5561	1836	22.7587
CTAGAG	4416	5867	1783	22.7025
CTTACG	1236	1232	156	22.6776
TAGGTC	2532	3443	664	22.6742
ACGAGG	2797	2534	554	22.6706
CATATC	2125	2686	459	22.6361
AAGCGT	2116	2082	368	22.5666
CTGAAC	4513	5373	1677	22.5488
ACAGTG	4970	6379	2151	22.5251
CTTAAG	2089	2784	466	22.4913
TAGGGC	3903	4305	1197	22.4759
AGAGTC	4680	5964	1910	22.4684
AGTGGA	5397	5992	2192	22.4609
TAACGC	1257	1246	159	22.4197
ACGACA	1402	1535	204	22.4175
ATACCA	2455	3332	627	22.4134
CTTGGA	5843	6813	2663	22.3935
CGATTA	899	860	94	22.2938
GGTACC	1360	1656	211	22.1486
AGCACT	4678	5823	1866	22.1426
ACTAGA	2913	4237	903	22.1289
AGGCAA	5484	6594	2431	21.9820
TCGACC	1420	1347	185	21.9542
TCAACC	3168	3849	893	21.8748
CATAAG	2384	3231	593	21.8281
CGATTC	1545	1515	217	21.7924
CACATC	4078	4852	1387	21.7288
ACACGA	1568	1797	252	21.6749
CTCTAA	4076	5289	1500	21.5933
GCTACC	2970	3630	798	21.4167
TCAAGC	3554	4336	1102	21.3925
CCCGTA	1478	1429	199	21.3385
TATCGC	842	826	86	21.2815
ACTACC	2309	3053	547	21.2340
ACTGTC	4061	5396	1521	21.2022
AGGTTG	4172	5189	1504	21.1015
CGAACA	1463	1576	213	21.0739
ACGTAG	1365	1533	197	21.0614
CAACGA	1447	1466	199	20.9661
CACGGA	3112	3142	730	20.9636
TGATAC	1973	2692	427	20.9552
AAGAGT	4673	5888	1878	20.9280
AGAGTG	5301	6482	2312	20.8811
AGCTAC	3010	4132	905	20.8476
ACAGTC	3887	5111	1388	20.8383
CTAGGA	4534	5762	1789	20.8308
ACACTG	5007	6474	2188	20.7814
CAGAAC	5372	6717	2420	20.7716
ACTTGC	3517	4437	1112	20.7257
CCTCTA	4380	5423	1637	20.6692
ACCAGT	3373	4392	1060	20.6284
ACTGTG	5052	6588	2242	20.6217
CAAGAC	4065	5016	1421	20.5894
ATGCGA	1170	1197	143	20.5763
ACCAGA	4810	6187	2018	20.3947
ACCAAG	4643	5758	1826	20.3875
CAAGAG	5662	6877	2598	20.3491
CACGAA	1843	2041	317	20.3116
CTGGTA	3192	4005	926	20.2717
AGATAG	2912	4084	867	20.2690
CTCATA	2646	3359	668	20.2630
TAGAGA	4544	5977	1852	20.2540
AGCTTA	2852	3920	820	20.2456
AGTAGC	2999	3874	849	20.2091
ACGTAC	891	984	100	20.1447
AACTCA	4446	5711	1739	20.1315
ACTGGA	5369	6286	2270	20.1127
ATCCTA	2963	3853	835	20.0189
TACAGC	3499	4477	1113	19.9976
CAACAC	3776	4673	1241	19.8754
AGCAAG	5462	7235	2631	19.8516
GATCAC	2487	3140	594	19.7576
ACCCGT	1807	1782	277	19.7316
AGCTTG	4427	5746	1740	19.7162
CACCAA	4708	5585	1795	19.6846
AGATCT	2074	2965	481	19.6802
ACTCTG	5729	7137	2717	19.6779
TACGGA	1289	1548	187	19.6418
ACGTTA	1230	1291	156	19.6249
CCGTTC	2432	2336	449	19.5782
TATCTC	3250	3908	918	19.5529
ATCGTG	1340	1482	186	19.4780
TTGCTC	4799	5930	1931	19.3908
CTTGAC	3544	4419	1110	19.2884
ATCGAA	1033	1101	120	19.2431
CTATTC	2884	3502	745	19.1434
GCTAGC	1420	2235	272	19.1409
ACTTAG	3109	4282	956	19.1293
GTCGAC	505	459	40	19.0235
ACAAGC	3854	5037	1351	18.9919
GCTTAC	2284	2885	509	18.9406
TCAGTC	4530	5606	1734	18.9329
TTAGGC	3022	3596	795	18.9167
AGTAGA	3361	4445	1061	18.8162
ACAACC	3411	4237	1029	18.6851
ACACTA	2619	3840	740	18.6813
TACGCC	1324	1236	158	18.6495
CAGCTA	3794	5070	1338	18.6495
TGTACC	2417	3291	600	18.6357
GTATAC	696	989	82	18.6295
GTAGCC	3073	3938	875	18.6250
TAGGGA	4727	5458	1758	18.4813
GCTAAC	2205	2986	507	18.4391
ATAGGG	2827	3384	707	18.3897
AGCCTA	3436	4784	1156	18.3487
AGTCTA	2671	4115	800	18.2740
ACATGT	1800	2306	339	18.1674
CCCTAC	4227	4578	1344	18.1488
ATCCAC	3477	4011	994	18.1346
AGTGTG	5021	6425	2165	18.0533
ATTCGG	1660	1555	227	18.0113
AACCGT	1491	1650	218	17.9363
ACGAAC	1244	1416	166	17.8441
ACCGTG	2338	2460	448	17.5800
TAGGCA	3489	4605	1129	17.5779
CTGTAC	2831	3949	810	17.5232
ACTCTA	2884	4259	882	17.4903
TCGCAA	1391	1496	189	17.3976
CATAGC	2323	3487	605	17.2846
ACCCAT	3332	4180	989	17.2533
TACCAC	2589	3482	666	17.2241
ACATAG	2462	3671	667	17.1578
CTAACG	1336	1404	173	17.0245
GCGTAC	982	1025	106	16.9740
CTAAAG	4092	5421	1519	16.9007
TAACGA	1037	1070	114	16.8452
CGTACG	343	309	24	16.7731
GATAGC	1857	2623	385	16.7718
ATAACG	1068	1053	115	16.7308
ACCACT	4037	4836	1348	16.6593
AGTCGA	1213	1305	150	16.5142
ACGGTG	2497	2394	460	16.4690
TGTATC	2510	3453	640	16.4308
TACCTA	2425	3136	569	16.3414
CACTAG	2859	3968	816	16.2734
AGTATC	2262	2976	510	16.2312
AAGCTA	3185	4664	1044	16.1740
CACAAG	4416	5941	1773	16.0915
TACTGC	3021	3829	830	16.0562
ACCTAG	3196	4341	980	16.0089
TTAGAC	2446	3264	593	15.9837
ACTCCT	5686	6223	2352	15.9593
TGCTAC	2657	3661	708	15.8410
ACTCTC	4837	5615	1831	15.7938
CCTATC	2663	3433	669	15.7109
CTAGAC	2608	3839	726	15.6923
ATACCT	2706	3396	672	15.6594
ACTCCA	5362	6283	2243	15.6182
TCATAC	1978	2769	423	15.6097
CAAGCA	4791	6122	1967	15.6002
TACGAA	1080	1112	119	15.5607
ACCCTA	3208	4127	937	15.5545
CCATTC	4808	5378	1747	15.5214
CTACTC	3396	3895	936	15.4428
TCTATC	2602	3608	684	15.4238
CGTTAA	1270	1332	156	15.3919
ATCGGG	1734	1723	250	15.3589
CGACTA	915	1054	100	15.3159
CGTGTA	1337	1479	177	15.3082
TATGCC	2269	2739	472	15.2456
CGGGTA	1840	1796	272	15.2028
CATACG	808	891	80	15.1813
TAGACC	2263	3171	536	15.1429
CTAGCA	3142	4465	986	15.1138
ACGAGA	1764	1811	264	15.1077
TACGTA	495	481	37	15.0083
ACCGTA	949	1117	107	14.9822
ACCGAT	877	1170	104	14.7987
ACTAAG	3006	4235	900	14.7222
CGATAA	865	899	84	14.6839
CTTAGA	3714	5102	1301	14.6607
TCCTAC	3713	4377	1127	14.3993
ACTCGA	1451	1619	202	14.3938
TCTAAC	2790	3719	745	14.3854
CGTGAA	2091	2162	354	14.3442
ACGATC	925	1110	103	14.1637
ATCGCA	1338	1391	166	14.1620
GCCTAC	2862	3564	732	13.9951
AGTACG	946	1144	107	13.9789
GATATC	915	1101	101	13.8790
GTATCC	2255	2829	478	13.7743
TACCGA	1027	1109	111	13.7548
ATAGAC	2080	3049	475	13.7033
CCTAAC	3204	3943	889	13.5759
AATCGT	1211	1272	141	13.5573
ACTAAC	2303	2971	508	13.5129
TCGACA	912	1016	94	13.4853
ACTAGT	1084	1536	150	13.4765
AGTAGG	3791	4498	1173	13.2873
TAGTGC	2285	2876	489	13.2521
ACATCG	1140	1313	137	13.1955
AATACG	1270	1158	135	13.1683
AGGATA	3242	4136	937	13.0970
ATCGTC	1059	1191	119	13.0387
CCTTAG	4013	5238	1425	12.9885
CTCTAC	3602	4652	1152	12.9368
ATAGTC	1878	2720	389	12.8522
AGTACC	2298	3125	528	12.8423
CTGCTA	3723	4815	1226	12.7391
TAGCAC	2530	3517	641	12.7312
TAGTAC	1489	2126	255	12.5855
ATCGAG	1262	1418	157	12.4691
CCATAC	2001	2838	426	12.4173
CTAAGC	3275	4361	990	12.4085
CTACAC	2856	4018	808	12.3943
AGAGTA	3400	4401	1033	12.2112
ATCGAC	707	837	65	12.1526
ATCTAG	2579	3625	668	12.1233
ACTAGG	3195	4199	932	11.9842
CTATAC	1529	2200	267	11.9788
CGTACA	971	1125	104	11.9078
ACGATG	1345	1519	174	11.9005
CCTAAG	4058	5172	1417	11.8984
CTATGC	2264	3107	514	11.7575
CTCGTA	1012	1019	99	11.7274
TACTCC	3139	3616	796	11.4786
AGTATG	2351	3354	569	11.4677
GAGTAC	1968	2603	385	11.3853
CGTCTA	1214	1334	142	11.3263
CATACC	2022	2717	409	11.1394
ATACTC	2203	2916	471	11.1191
AGGCTA	3324	4893	1110	11.0577
ATCGTA	679	796	59	10.9529
CGTTCA	1805	1930	272	10.8654
AGCGTA	1059	1173	113	10.7704
CGTATA	665	673	51	10.7487
CGAATA	971	1020	94	10.7363
AGGGTA	3542	4245	1030	10.7189
AGTACT	1448	2022	233	10.6923
ACGAAT	1308	1350	151	10.6453
ACGACT	1460	1540	185	10.4921
GCATAC	1713	2468	321	10.3964
TAGCTC	3219	4644	1022	10.3727
CGATCG	411	497	29	10.3363
AGACGA	1899	2051	298	10.2283
CCACTA	3025	3877	814	10.2115
GTACCC	2473	3049	541	10.1902
ATACGG	930	915	82	10.0299
CAGTAG	3627	4655	1144	9.9731
ATACCC	2321	2931	491	9.8726
CACTAC	2501	3324	590	9.8290
ACGTAT	1051	978	95	9.8145
CCTACA	3515	4657	1109	9.6290
CTACAG	4000	5630	1500	9.6175
TCGTAC	646	707	50	9.5364
GTAGAC	2107	3076	468	9.5069
TAGCTA	1187	1859	179	9.4374
TCGTTC	1694	1856	244	9.4103
CTATAG	1025	1581	137	9.2511
ACTATC	1786	2511	334	9.2048
CGTAGA	1346	1466	162	9.1856
CCTTAC	3171	3945	859	9.1852
ATATCG	625	686	47	9.0696
ACGCTA	1156	1360	133	9.0099
CTAGTA	1891	2671	369	8.4982
CGTATC	864	773	65	8.4704
TGTAGC	2821	4179	808	8.4385
AGCTAG	3214	4893	1060	8.4116
CATAGG	2556	3501	624	8.3339
CTATCG	799	941	71	8.2446
ATACGC	851	806	65	7.7408
AACGTA	1262	1274	132	7.6725
CAGTAC	2468	3406	585	7.6241
CTAGTC	2560	3577	632	7.3238
CTACTA	2022	2792	403	7.2933
ATACGA	769	788	58	7.2780
CCGATA	727	782	53	6.1845
AACGAT	1145	1290	118	6.0177
TATCCC	3110	3498	735	6.0169
CGAGTA	1146	1204	110	5.6202
CTATCC	2665	3541	638	5.3697
CGATAC	633	671	40	5.1311
CCAGTA	3221	4118	875	4.4405
ACGATA	751	850	54	4.3464
CGCATA	847	926	64	4.1954
TACACC	2463	3113	513	3.7578
ACTAGC	2163	3161	453	2.9100
TATCGA	594	709	32	1.9702
