CCGCCC	7152	4863	3396	82.8182
CCCGCC	7183	4775	3346	79.7944
CTTCCG	3852	2470	1078	65.7561
CCGGAA	3474	1777	749	64.7340
CGCGGC	5016	4086	2070	54.0483
CCCCGC	6824	5185	3389	52.9478
CGGCGC	4786	4014	1946	50.8017
CCGCGC	5236	4126	2159	49.9982
CGCCCC	6684	4439	2871	49.6885
CGCCGC	5229	4401	2280	47.4670
CCCGCG	4978	3760	1881	43.7249
CGCGCC	4959	3468	1737	41.9516
TATAAA	3145	3652	1214	41.6175
CGGGGC	6210	5044	2996	39.4524
GCCCGC	5456	4384	2336	38.9181
AATATA	2664	2908	855	38.6430
AAAATT	4324	4120	1787	38.6050
TCGCGA	791	405	79	38.3506
AATAAT	3588	3772	1394	37.9107
AACAAT	2865	3326	1021	37.6623
CCGCCG	4923	4265	2068	36.6537
ATGGCG	1863	2189	491	35.5498
GCCGCC	5714	4740	2607	35.1306
AAAATA	5133	5838	2862	34.5824
CCCGGC	5857	4699	2643	34.4200
CCGGCG	4571	3459	1590	34.1992
CAGCGC	4686	5034	2293	34.0809
ATGAAA	4047	4950	1972	33.8922
TCCGCC	4765	3262	1563	33.7985
GCGGCC	5481	4430	2350	33.0608
CCGGCC	5318	3971	2064	32.5879
CGCCTC	5372	3738	1966	31.5061
AAATTA	3940	4125	1623	31.3675
TAAAAA	4984	5451	2603	31.3453
AATAAA	5089	5825	2820	30.6480
ATTTTA	4562	4860	2154	30.4772
CGCTCC	4785	4599	2139	30.3981
CCAATC	3171	2223	767	30.3807
CCCCGG	5400	4023	2110	30.0758
AATCAT	2527	2877	788	30.0375
TTAAAA	5279	5667	2840	29.2923
TTTTCA	4890	5729	2670	29.1800
TCCCGC	5095	3972	1974	29.0988
AAAAAC	4393	5126	2179	28.8950
GCGCCC	5412	3724	1963	28.6853
ATTTAA	3936	4532	1756	28.2667
AAGAAA	6044	6546	3687	28.1015
ATTGGC	3140	2543	850	28.0983
ATATTA	2352	2617	676	27.8316
AGGGCG	4857	3202	1544	27.7085
CCGCGG	3607	2910	1083	27.6622
AAATAT	3888	4332	1664	27.6426
ATAATA	2549	2723	750	27.4919
ATAAAA	4525	5233	2277	27.2470
AATTAT	3109	3234	1041	27.1571
AGGCGG	5421	3791	1993	26.9877
TATTAA	2989	3380	1044	26.7260
CTCCGC	5462	4205	2209	26.4426
AATACA	3131	4320	1355	25.9288
AGCCCC	6194	5695	3300	25.5986
CGAGCG	2851	2598	788	25.3545
CGGAGC	4766	4512	2075	25.1244
AAAACA	5204	6692	3255	24.9905
CGGCCC	5329	4457	2274	24.8130
CCTCCG	4999	3696	1799	24.6171
GCGCGC	3433	2093	763	24.5490
TAAATA	3752	4513	1660	24.3529
TAATAA	3237	3529	1158	24.2346
CTCCCG	5392	4058	2103	24.1733
AAAAAT	5299	5648	2821	23.9482
TCATAA	2261	2839	690	23.8628
CGCTGC	4718	5540	2483	23.8167
ATAAAT	3811	4396	1642	23.8045
AGTAAA	3511	3878	1357	23.7279
AAAATG	5089	5668	2723	23.5633
AATATT	2302	2500	626	23.4734
CACGTG	1828	1985	420	23.4583
AATTTA	3414	3508	1204	22.8239
AGCGCG	3691	3142	1168	22.5654
CGCGAC	2014	1248	306	22.5459
CGGGGA	5103	3908	1923	22.4583
CGGCCG	3142	2954	954	22.3841
TAATCA	2310	2650	657	22.1443
AAGTAA	3150	3756	1186	21.6037
CCGGGC	5467	4327	2252	21.5818
TATTTC	3756	4780	1740	21.3073
AGGCCG	4137	2915	1204	21.1177
CAATCG	1204	842	146	21.1056
AAATCT	3755	4348	1593	21.0779
AGCCGC	4467	3893	1688	20.8171
AAAAGT	4370	4370	1842	20.8079
CGCGCA	3337	2522	867	20.5898
AAATAA	5161	5989	2893	20.5380
TTCAAA	4406	4853	2045	20.3729
AAATGT	4407	4809	2028	20.3463
TGCGGC	3552	3357	1190	20.2955
AAATGA	4584	5304	2306	20.2475
AAACTT	3977	4008	1555	20.2310
CTCCCC	7204	6148	4070	20.2295
TTTTTC	5466	5977	3048	20.2227
ATATGA	1924	2382	504	20.0787
TGCGCA	1723	1276	269	20.0474
TTTAAA	3932	3882	1493	20.0256
CCCGGA	4594	2673	1218	20.0186
CGGCGA	2789	1908	574	19.9983
AATTCT	3541	3814	1333	19.9632
AGCGCC	4470	3875	1678	19.8892
AATGTA	2800	3291	939	19.8617
TCTTAA	3245	3556	1153	19.8401
AAAACT	4315	4615	1911	19.7847
CGCGCG	2939	1836	580	19.7520
ATGCGC	1721	1476	303	19.7485
CGCCCG	4770	3612	1668	19.7197
AGCGGC	4232	4097	1679	19.6716
ATATAG	1607	1750	330	19.6450
AGTATA	1547	1851	335	19.6291
CGCGGA	3462	2347	836	19.5705
CCGCAG	4931	4574	2146	19.4576
ACGTCA	1716	1712	342	19.4400
CGTCAC	2258	2190	537	19.4107
AGGGGG	5553	4481	2352	19.3164
TTCCGC	3098	2167	703	19.1633
AACAAA	4615	6118	2648	19.1622
GGCCCC	6350	4533	2695	19.0375
AATGAA	4378	4904	2047	19.0348
AAATTG	3248	3415	1109	19.0275
ATTTCA	4078	5143	2001	18.8859
CCGCTC	4365	4441	1859	18.7058
AAAAGA	5230	5744	2808	18.5925
ATATCT	2080	2600	578	18.4503
ATTTGA	3271	3573	1161	18.3932
CCGGGA	4984	3180	1536	18.3642
ATTAAT	1740	2240	433	18.3619
ATATAA	2475	2760	712	18.3430
ATAGAA	2743	3236	902	18.2752
AATATG	2509	2878	748	18.2136
GCTCCC	6284	6183	3583	17.7953
CCGGAG	4556	3182	1412	17.6450
TCATCA	2697	3564	967	17.6087
CGCACC	3077	2995	931	17.5870
ATCATA	1659	2046	382	17.5778
CCCAGC	7183	6744	4424	17.5737
CCCCCG	4948	3881	1836	17.4453
ATCAAA	3002	3657	1092	17.4212
CCCGGG	4190	2604	1084	17.4154
AGAAAA	6354	6786	3956	17.3937
ACTTTA	2981	3037	915	17.3160
AAAATC	3868	4432	1651	17.3152
TATGAA	2428	3269	811	17.2944
AAATAC	3545	4626	1583	17.2772
TCCCCC	5542	4838	2514	17.0432
ACTACA	2393	2974	734	17.0317
CCGCCA	4151	3335	1351	16.9692
ATTCTA	2556	2525	672	16.9554
ATTAAA	4014	4801	1840	16.8691
TTTATC	2937	3508	1028	16.8688
AGGCGC	4501	2813	1241	16.8018
CTGCCG	4232	4211	1710	16.7982
TTTTAC	3389	3944	1307	16.7375
ATTATA	2212	2284	539	16.7233
AAAAAG	5256	5975	2919	16.5786
TTTACA	3601	4461	1550	16.5592
TAGAAA	4116	4234	1673	16.4553
AATTTC	3679	3753	1346	16.4375
AAACAT	3693	4690	1662	16.3502
ATATAT	1435	1667	280	16.3055
AATTAA	3473	4324	1454	16.2267
CGGGCC	4844	3419	1592	16.1797
ATATCA	1764	2449	467	16.1317
AAATAG	3463	3954	1334	16.1154
AATTGT	2660	2931	794	16.0846
ATATAC	1626	2000	364	16.0715
AAATTT	2618	2336	637	16.0283
CATTAA	2702	3835	1029	15.9619
CTCGCG	3198	1977	655	15.9376
CGCAGC	4914	5120	2362	15.9034
CGAGCC	3486	2815	979	15.8856
TAAGTA	2076	2438	537	15.8686
CCGACC	2689	1908	543	15.8053
GCGTCC	3626	2310	845	15.7232
AATGAT	2711	3213	877	15.7164
TATATA	1312	1462	231	15.7149
CGCCAC	3433	2558	883	15.6749
TCGCCC	3553	2161	780	15.6642
GCGACC	2636	1482	425	15.5668
ATACAT	2365	3057	739	15.5358
AACATA	2222	2974	681	15.5349
AATCAA	2964	3254	962	15.4319
AATTCA	3351	3955	1291	15.4288
AAAGTA	3296	3700	1195	15.4234
ACATAT	2037	2477	534	15.4226
CTCGGC	4200	3493	1419	15.3699
TCTCGC	2671	1891	534	15.3659
GCATGC	1577	2366	408	15.3552
AAATCA	3735	4720	1685	15.3121
CCCTGC	6594	6480	3912	15.2964
CACCGC	3868	4378	1623	15.2897
AAAGTT	4020	3881	1503	15.2612
TTATAC	1608	2076	370	15.2521
AGTTAA	2795	3248	909	15.2338
ACGTGA	1889	2191	447	15.1843
AAAAAA	4251	4832	1946	15.1768
CCTGCG	4793	3618	1658	15.1554
ATTTGC	3179	4071	1261	15.1195
CTGCCC	6641	6806	4128	15.0938
ACGCCG	2429	2152	550	15.0503
AAGAAT	3669	3921	1392	15.0118
AGGGGC	6217	4666	2697	15.0110
CCCCAG	6987	5726	3669	14.9727
ATTAGA	2380	2611	642	14.8332
TGCGCC	3755	2521	942	14.8223
CAGCCC	6849	7184	4478	14.8197
TTATTC	3154	3522	1093	14.7394
CGTCCG	2090	1536	356	14.7265
ACATCA	2454	4068	988	14.6902
CTGAAA	4808	6111	2729	14.6556
GGCGCC	3693	2299	851	14.6042
ACATGA	2276	3176	735	14.5724
TTATCA	2375	3058	738	14.4628
AAATTC	3807	3862	1418	14.4418
CATAAA	3058	4025	1200	14.3668
ACTAAT	1882	2153	436	14.3294
TCTAAA	3352	3478	1141	14.2397
AACATT	3375	3938	1289	14.2300
TGCCGC	3378	3550	1171	14.1625
GAGCCC	5766	5157	2759	14.1408
CCCCCA	6143	4801	2736	14.1294
TTTCAA	4176	4685	1853	14.0382
GACGTC	1176	739	118	13.9158
AACTAT	1971	2133	449	13.8513
CGCTTC	3282	3205	1035	13.7692
TAAACA	3525	4217	1429	13.7581
ACTTTC	3945	3762	1427	13.7170
TCAAAA	4029	4434	1699	13.7106
ACCCCG	3718	2912	1062	13.6272
TAGTAA	2049	2236	484	13.6006
ATATTG	1928	2372	483	13.5717
CCTTCG	2656	1983	548	13.4904
CATGCG	1526	1558	271	13.3803
TACTAA	1850	2084	414	13.3313
CCTCGC	4486	3503	1503	13.3076
CCCCTC	6956	5881	3740	13.2689
CCCGAG	4345	3187	1334	13.2580
TCGGCC	3267	2333	766	13.2159
AACATG	2512	3406	852	13.1828
CCGAGC	3918	3822	1436	13.0963
ATTTTC	4589	5022	2159	13.0702
CGGCTC	4435	4007	1687	13.0111
CGCACG	2418	2287	571	12.9515
CAATAA	2767	3268	896	12.9330
AAACAA	4681	6005	2607	12.9269
TGGCGC	3465	2128	741	12.8692
GACCGC	2608	2115	569	12.8097
TACTGA	2444	3590	870	12.7921
AAGATA	2662	3097	822	12.7754
TATTCA	2724	3292	888	12.6939
CTGCGC	4885	4038	1860	12.6876
ATAAAC	2871	3447	973	12.6840
AAAGAA	5690	6256	3269	12.5956
AAAGCG	2511	2537	648	12.5789
TTAGAA	3528	3707	1262	12.5678
ATGTAA	2642	3457	902	12.4733
AATAAG	3048	3416	1019	12.4224
AGAATA	3031	3457	1025	12.4214
AACTAC	2234	2438	561	12.3814
TAAAAC	3577	4311	1472	12.3537
CATGAA	2631	3712	959	12.3480
CGCCCA	4539	2618	1150	12.3479
ACGGCG	2176	2796	620	12.3025
ATATGC	1628	2245	391	12.2319
AGCCCG	4284	3581	1464	12.1848
CCAGCC	6873	5730	3599	12.0919
AGTGAA	3661	4360	1519	12.0153
TACGGC	1011	1437	175	12.0146
ACTTAA	2743	3071	835	11.9669
AATTTG	3257	3485	1102	11.9010
CGCGTC	2721	1815	511	11.8847
AGCAAA	4393	6282	2554	11.8659
ATTCTG	3714	4387	1548	11.8615
GCTGCC	6231	7401	4190	11.8559
ACGGCC	2568	3016	772	11.8494
CTTTAA	4004	4562	1725	11.8315
CCCGCA	3965	3837	1451	11.8268
ACCCGC	3475	2510	861	11.7791
TGTCGC	1629	1245	232	11.7679
ACGCCA	2015	1626	353	11.6524
TCCCTC	6222	5709	3257	11.6518
ACTTAT	1841	2156	419	11.6243
GCCCCC	6440	4809	2852	11.5766
ATCTAA	2089	2460	529	11.5692
CTTAAA	3831	4301	1563	11.5500
AATTAG	2519	2818	711	11.5211
ATACAG	2392	3890	912	11.4569
CACCCC	5684	4909	2581	11.3970
TGGGGC	6060	5110	2852	11.3569
CTCGCC	4241	2637	1082	11.2666
GCCACC	4976	4301	2002	11.2575
CCCACG	3725	3430	1228	11.2572
ACAAAT	3553	4381	1479	11.2323
TTAATC	2306	2771	644	11.2061
CGTGGC	3321	3340	1075	11.1903
TAATGA	2705	3400	902	11.1901
ACGCGC	2725	1862	521	11.1734
CGACCG	1597	1167	214	11.1473
ATTCAT	3094	3519	1056	11.1286
CGGTGC	3115	4121	1232	11.1005
ATATTC	2401	2618	634	11.1004
TATACA	1907	2421	478	11.0683
TATCAA	1877	2387	465	11.0242
CATTTA	3605	4235	1451	10.9874
AACTTG	3067	3148	943	10.9590
ATAAGA	2429	2894	702	10.9422
CAGGCG	4603	2974	1307	10.9306
GCCGGC	3336	2715	888	10.9225
CGAACG	1002	989	125	10.8520
TAAAGA	3712	4028	1422	10.8370
AATACT	2548	3300	828	10.8180
CGAGGC	4094	3232	1266	10.7496
CAGGGC	6360	5941	3451	10.6793
ATGGGG	3812	3951	1431	10.6774
ACGCGG	2653	2239	600	10.6687
TCCGGC	3696	2672	961	10.6607
AAGTAG	2597	2812	726	10.6566
TATTAC	1800	2363	442	10.6064
ACATTC	2860	3153	883	10.6018
TATCTA	1739	1996	368	10.5875
ATAATC	1984	2074	429	10.5778
AAAGAT	3727	4160	1470	10.5455
AAATGC	3907	5128	1875	10.5377
TACATA	2139	2665	577	10.5101
CCAGCG	4431	3426	1440	10.4858
ATGTGA	2797	3944	1065	10.4796
ATTACT	2294	3204	729	10.4647
CGGGAA	3965	2755	1055	10.4559
TAATAC	1761	2281	419	10.4181
TAATTC	2641	3121	811	10.3980
TTCATC	3045	3862	1131	10.3930
CTCGCA	2304	2178	513	10.3758
TCGCGC	2604	1667	449	10.3670
ACCGCC	3467	3385	1129	10.3477
ATTATG	2076	2471	523	10.2910
CGCCTA	1648	825	161	10.2595
TTACAA	2846	3674	1012	10.2583
CCCCGA	3623	2780	977	10.2509
TAACAA	2649	3555	917	10.1932
CATTAC	1809	2854	525	10.1551
CCGCAC	3201	3360	1039	10.1474
CCCACC	6651	5261	3199	10.0654
ACAACG	1144	1882	239	10.0166
CACCTG	4925	5165	2354	9.9980
CTCTCG	2999	2259	674	9.9930
CCTGCC	6733	5972	3660	9.9716
CATTTC	4610	5368	2292	9.9697
ATAATG	2423	2810	677	9.9175
AATTGA	2400	2531	609	9.8611
CGAGAC	1933	1228	260	9.8599
TACAAA	3249	4474	1378	9.8374
ACCGCG	2556	2394	613	9.8326
ATTACA	2530	3642	896	9.7504
AGTGCG	2209	1898	433	9.7310
AGCGGG	4234	4119	1639	9.7267
ATTTAG	2842	3063	850	9.7082
CGCCGA	2632	2103	558	9.6683
ATGCAA	2765	4261	1128	9.6497
ATACAA	2394	3334	783	9.6374
GAGCGC	4295	3868	1564	9.5978
GAGGCC	5741	3906	2081	9.5937
CCTCCC	8046	6523	4735	9.5688
CCAGGC	6619	4975	3013	9.5601
CAAATG	3566	4514	1517	9.5583
TTAACA	2892	3714	1034	9.5332
AGCTCC	5287	5949	2884	9.5295
AAGTGA	3933	4368	1614	9.4740
GCGCAC	3203	2593	812	9.4546
TGCCCA	4593	4759	2032	9.4527
TTGCGC	1827	1188	239	9.4429
CCAGGG	6611	4484	2720	9.4294
GTCCCC	5144	3886	1864	9.4092
CGTGAC	2066	1974	421	9.4074
TAAATC	2703	3134	827	9.4035
CGCCAA	2251	1489	352	9.3804
TCAACA	2688	3275	857	9.3601
GGTCCC	4918	3213	1488	9.3540
AAACTA	3026	2992	880	9.3508
AGATTA	2357	2717	637	9.3418
ATGACA	2641	3489	894	9.3059
AGGACG	2756	2235	614	9.2624
CAAATA	3565	4045	1365	9.2603
CACATG	2624	3636	923	9.2031
CGGACC	2605	1555	417	9.1955
ATGATG	2297	3181	719	9.1951
ACCCCC	4424	3468	1447	9.1848
CGCTGA	2719	3302	872	9.1777
AAGCCA	4303	4639	1861	9.1763
CCCGAC	2856	1978	566	9.1498
CATTCA	3395	4054	1305	9.1377
GCGTAC	756	880	87	9.0675
TATAAC	1495	1842	294	9.0304
ATGTCA	2619	3315	844	9.0048
TGACGC	2011	1569	332	8.9666
CCTCGG	4541	3385	1448	8.9665
ATTTTG	4146	4890	1887	8.9315
AGACGG	2347	1761	424	8.9238
CGGGAC	3798	2792	1018	8.9193
ACAACT	2691	3465	902	8.9191
AGCGCT	1712	2534	443	8.9124
ATGATA	1777	2242	410	8.9048
ATTCAA	3071	3161	937	8.8884
TCGGGC	3049	2295	689	8.8489
ATGCTG	3283	5677	1737	8.8407
AATCAC	2741	3331	884	8.8318
CATGGG	2828	3431	936	8.8179
ATAAAG	3375	4211	1343	8.7684
TCAAGA	3027	3017	884	8.7607
CCGCGA	2846	1830	523	8.7130
CAAAGA	4428	5056	2074	8.6993
CACGCC	3621	2659	928	8.6533
CAACAA	2911	3926	1091	8.6321
CTCGTC	1831	1558	302	8.6238
ATGTTG	2227	3188	697	8.6105
AGCCGG	4256	3290	1323	8.6083
ATACTA	1531	1652	271	8.5947
CGACCC	2855	1740	500	8.5876
ATTTCT	4739	5653	2464	8.5630
CGGCAA	1730	1505	278	8.5623
CGGTCC	2865	2016	575	8.5592
CTCCGA	2777	2100	580	8.4983
ACAAAC	3208	4766	1437	8.4840
ACGCCC	3522	2094	721	8.4786
CAGCGG	4385	4472	1825	8.4690
ACGTGG	2557	2762	693	8.4081
ATAGCA	2015	3413	675	8.3994
ACCCCA	4717	4083	1793	8.3965
GACCCC	4578	3013	1302	8.3875
ACCGGC	2513	1936	490	8.3845
AATGCT	3092	4775	1389	8.3827
TTAAGC	2292	2969	669	8.3764
CTTTTA	4209	4701	1840	8.3748
ATTGAA	2593	2986	755	8.3645
AAAGTG	4182	4319	1686	8.3621
ATGCAT	1269	2243	300	8.3579
ATTGTA	2168	2433	528	8.3552
ACGGGG	2886	3177	885	8.3525
CGGAAA	2760	1567	439	8.3503
CTTAAC	2229	2478	551	8.3495
CCCTCG	4147	3095	1216	8.3144
CCGTCC	3207	3021	932	8.3106
CGGAAC	2151	1706	378	8.3056
ACAGAA	4564	6308	2638	8.3044
ATAACA	2350	3506	799	8.2295
TTATAA	1657	1788	311	8.2264
AGTTTA	3052	3162	928	8.2118
AAGCAT	2878	4380	1194	8.1996
CTTTCA	4413	5248	2139	8.1938
CCTGGC	6447	4824	2842	8.1783
ACAAAA	4638	5869	2499	8.1683
ACCAAA	3373	4243	1348	8.1440
GCCGAC	2331	1542	370	8.1289
ACTTTG	3532	3919	1306	8.1267
CTATTA	1939	2227	438	8.1210
CCGAAG	2614	1916	502	8.1179
CTGCTC	5426	7192	3541	8.1159
AGCCCT	5292	5535	2683	8.0866
TATTCC	2614	2965	754	8.0434
GGAGCC	6472	5426	3197	7.9995
CGGATC	1514	1172	196	7.9950
TAGGGC	2746	2217	601	7.9488
CGGCAC	2391	3463	801	7.8979
CTTTGA	3793	4153	1476	7.8916
AAGCCG	2799	2038	565	7.8447
AACCGG	1835	1241	244	7.8407
TGATAC	1402	2225	324	7.8319
CGTCGC	2076	1650	353	7.8135
CACGGC	2835	4178	1123	7.7748
GCGGAC	2839	1798	509	7.7738
ATCCCC	3658	3642	1257	7.7615
ATGGCC	2526	2768	683	7.7377
CAACCG	1648	1491	261	7.7350
CCCAGG	7192	5140	3356	7.7311
CAGGGG	5761	4766	2517	7.7051
ACATAA	2531	3275	801	7.7004
AACCGC	1934	1983	391	7.6896
GACGCC	3273	1844	594	7.6831
TATGCA	2040	3192	638	7.6669
CTAACG	987	1161	133	7.6416
AACAGT	2933	4185	1161	7.6330
AATAGG	2450	2514	606	7.6176
CGAACC	1480	1263	204	7.6121
ACGCGA	1246	913	132	7.5932
CTCGGA	2814	1986	553	7.5893
ATTTAC	2797	3363	902	7.5831
CCCCCC	3560	3821	1281	7.5821
TATCAC	1601	2448	398	7.5656
CGGTTA	921	840	95	7.5368
GACGGC	2570	2649	665	7.5213
CTCACC	4512	4761	1985	7.4870
CTAATA	1920	2131	414	7.4806
ACATGT	1237	1591	213	7.4575
AGTTGA	2472	2469	600	7.4530
AGCCTG	5552	5231	2656	7.4178
ATAGTA	1549	1683	274	7.3954
CATATG	853	1329	131	7.3923
ATCAAG	2287	2623	590	7.3889
CAGAGG	6319	6179	3540	7.3756
AGATAA	3077	3665	1070	7.3730
ACAAGT	2555	3179	784	7.3696
TCATGA	1162	1448	185	7.3528
CTTCGC	2647	1989	522	7.3411
GATCCC	2926	2686	760	7.3377
ACATGG	2493	3388	813	7.3203
ACCAAT	2451	2378	574	7.3153
AGTTCA	3023	3703	1062	7.3032
CAAGAA	3994	4490	1667	7.3003
CGAAGC	2270	2182	493	7.2648
AATAGA	2749	3037	804	7.2418
AGAACG	1887	2266	430	7.2364
GCTCGC	3501	2889	964	7.2333
CCCGTC	2925	2559	725	7.1911
ATAAGG	2215	2527	552	7.1847
CGGACA	1879	1544	301	7.1828
CTCTCC	6774	6075	3724	7.1814
TCGCTC	2638	2291	593	7.1777
GCACGC	2903	3352	929	7.1760
AGGAAA	6721	6803	4127	7.1652
CGTCCC	3803	3258	1169	7.1633
ATCACA	2697	4133	1056	7.1572
AATATC	2144	2632	556	7.1569
GCGAAC	1502	1118	184	7.1557
AATCTT	3022	3191	921	7.1533
ACATGC	2221	3260	702	7.1488
CCCTCC	7665	6350	4385	7.1468
ACTGAA	3580	5139	1706	7.1196
AATCTA	2161	2196	473	7.1047
CAAACA	3922	5691	2055	7.1008
CCATGG	1796	2381	429	7.0370
ATCTGA	2900	3810	1047	7.0369
CCACGG	3159	3174	955	7.0366
CAGTAG	2598	3182	795	7.0011
ATGCTA	1834	2646	482	6.9770
AACTTA	2348	2565	590	6.9733
AGTACA	2029	3138	621	6.9614
TAGTCA	1750	1791	322	6.9402
AAGAGA	4993	5179	2370	6.9365
TTTTCC	6125	6407	3554	6.9305
TATATC	1406	1711	253	6.9261
CAATTA	2378	2911	672	6.9203
AGAGCG	3433	3262	1060	6.9047
ATTAAC	2244	3018	658	6.8933
ACATTA	2374	3000	690	6.8875
ATGGTA	1715	2254	390	6.8657
ATGAAC	2225	2804	609	6.8435
AGAGTA	2361	2564	592	6.8186
ACTTGA	2723	2834	744	6.8159
CGACAC	1355	1263	186	6.8070
CGGAGA	3580	2422	830	6.7958
CAGATA	2454	3434	808	6.7895
CGTACA	736	1211	105	6.7733
CGTAGA	1018	875	105	6.7626
GACAAC	2163	2554	543	6.7571
CACACC	3864	4665	1671	6.7474
CTGTGC	4454	7088	2870	6.7275
AGAGGG	6086	5119	2837	6.7137
CTGGGA	6713	5902	3585	6.6928
TTCTGC	4655	6454	2737	6.6861
TCACAA	3015	3824	1088	6.6744
TTATGC	1709	2578	439	6.6574
AAACGG	2052	1868	386	6.6360
ATGTAG	1993	2596	510	6.6352
AGCGCA	2689	3010	777	6.6093
CCCTGA	4867	4351	1951	6.6001
CTACAA	2463	3113	738	6.5999
AGGATG	3792	4441	1564	6.5862
AAGTTA	2807	3218	862	6.5771
TGAACA	2956	3964	1104	6.5586
AAAGGT	3584	3802	1276	6.5472
ACATAG	1750	2163	381	6.5340
TAAGAA	3526	3922	1294	6.5287
ATGTTA	2304	3035	676	6.5222
CATAAC	1559	2424	380	6.4942
AACAGA	3859	5485	1948	6.4896
AGGTAA	2874	3180	871	6.4725
TGAGCC	4033	4161	1558	6.4628
TCCCGA	2691	1782	474	6.4614
CTTCAA	3401	3931	1252	6.4346
CGGTCA	1618	1389	236	6.4261
ACCGCA	1950	2270	440	6.4224
TCCCCA	6316	5420	3107	6.4212
ACCCTG	4586	3586	1527	6.3993
CAATCA	2863	2909	797	6.3929
CGATCA	701	796	70	6.3857
ATCATG	1802	2231	402	6.3597
AACGGG	1887	2096	396	6.3578
ACGTTA	910	1447	146	6.3565
CATCAC	2689	4409	1114	6.3320
ATTGCT	2663	4390	1099	6.3149
CACACA	4199	5919	2274	6.2899
CATTGG	2848	2927	797	6.2845
GCAGCC	6591	7251	4302	6.2818
ACAATC	1945	2091	406	6.2790
AGCCCA	4995	5004	2288	6.2699
AGGAGG	6963	6282	3945	6.2497
TTCACA	3628	4886	1640	6.2467
AATAGC	2117	2981	612	6.2439
GGGCCC	3849	2387	873	6.2435
ATGATC	1477	1806	275	6.2402
TATTGC	1819	2925	521	6.2345
AAGGGG	5362	4250	2091	6.2338
AAACAG	4703	6107	2617	6.2274
TTCGGC	1874	1509	290	6.2180
CTGGCG	4195	2508	993	6.2159
ATCCAT	2172	3068	644	6.2071
CTTAGA	2641	2423	620	6.1827
AACACT	3072	4041	1164	6.1760
TGACAC	2601	3434	850	6.1739
AACATC	2368	3648	823	6.1700
TTTCGC	1687	1134	203	6.1676
AAGCGC	2693	2369	618	6.1487
CCGTCG	1664	1548	266	6.1475
CCTCCA	6099	5361	2969	6.1371
AATCTG	3263	3784	1158	6.1351
TTTGCA	4126	5773	2181	6.1324
AACTAG	2030	1548	319	6.1127
TTGATC	1702	1941	334	6.0846
CAGGAA	6093	6063	3344	6.0748
CTGCGA	2671	2284	592	6.0707
ACTGTG	3519	5059	1645	6.0646
CTAGAA	2999	2466	710	6.0604
CAAAAA	4402	5395	2175	6.0537
CCTGTA	2544	3202	778	6.0423
ATATGG	1676	2088	352	6.0366
CCGAAA	1894	1274	250	6.0364
AGAAGA	4866	5452	2422	6.0318
AACGTC	1334	1406	199	6.0283
ACGGGA	2204	2383	514	6.0223
CTTATC	1881	2331	434	6.0191
TCTTCA	4087	4854	1827	6.0155
AACTGA	3451	4344	1394	6.0087
TTTAAC	2962	3591	1003	6.0040
CATCCC	4184	4978	1915	6.0012
TCTACA	2413	2971	689	6.0006
AACACA	3731	5690	1949	5.9876
CAGGGA	6201	5775	3243	5.9604
TAACTA	1863	1915	358	5.9528
CACCCG	3328	2695	852	5.9511
GCCCAC	5028	4235	1956	5.9473
ATGTTC	2284	2987	657	5.9449
TCTCCC	6342	5617	3226	5.9375
ATGAAG	3278	4351	1328	5.9327
CTGGGC	6655	5188	3128	5.9297
ATCTTA	2182	2560	544	5.9198
ACAATG	2592	3031	751	5.9166
AACCTA	2082	1875	389	5.9123
ATGGAG	3667	4560	1548	5.9117
ACCCGG	3515	2106	709	5.9071
CATGCA	2489	4430	1036	5.9050
AGTTTG	3570	4101	1362	5.8998
AGGGAG	6822	5988	3687	5.8984
TGCCCC	5298	5025	2429	5.8678
ACATCT	2943	4228	1164	5.8613
GCAGGC	5866	5630	2996	5.8583
TTCTTC	5036	5439	2497	5.8576
CCCTTC	5981	5403	2933	5.8568
CATGCC	2516	3037	731	5.8520
ACGAAC	967	1083	118	5.8394
CCACGC	3794	3296	1170	5.8378
ATCCCG	2181	1891	409	5.8333
AATTAC	2430	3155	733	5.8179
CGAGTC	2042	1074	228	5.7981
CATGTC	2053	2603	521	5.7894
AGCCAG	5505	5100	2557	5.7775
AACTCT	3373	3435	1087	5.7691
AAGTAT	2250	2867	622	5.7561
CGTTCC	2358	2740	623	5.7532
CGAAAC	1405	1069	162	5.7438
AACGGC	1604	2286	366	5.7437
TCTGAA	4265	5338	2085	5.7400
ACAGTA	2382	3477	788	5.7298
CCCGAA	2339	1628	379	5.7279
AGATGC	3068	4033	1157	5.7219
CAGAAA	5636	6713	3419	5.7144
ATAACT	2233	2856	615	5.7059
CAATGG	2727	3186	825	5.7057
ACTACT	1825	2229	403	5.6890
CCTCTC	6479	5628	3298	5.6879
TAGTGA	2017	2237	444	5.6813
CGCAAA	1814	1403	261	5.6778
CTGTTA	2658	3989	997	5.6696
TTTCCA	5533	5948	2984	5.6600
AAACAC	4020	5482	2019	5.6564
AACAAG	3248	4192	1268	5.6563
CTATAA	1934	2261	431	5.6560
TTAAAC	2927	3450	952	5.6534
AAGAGG	5431	4695	2327	5.6319
CCGAAC	1508	1408	221	5.6277
ACAGGA	4312	5000	1977	5.6173
TGTAAC	2035	3334	651	5.6058
TGGGTC	3653	2518	870	5.6040
ATGACG	1197	1069	140	5.6036
GTAAAC	2362	2415	553	5.6005
ACCTCG	2248	1812	403	5.5959
AAATGG	4026	4656	1726	5.5733
TCTTTC	5225	5129	2442	5.5592
TATAGC	1278	1806	238	5.5349
CGACGC	2007	1442	293	5.5255
AAGGTA	2497	2752	659	5.5227
ACGGAC	1440	1412	212	5.5149
CAGGTC	3859	3173	1144	5.5067
TGCTCC	4797	5954	2597	5.5024
AACTAA	2522	2769	669	5.4980
ACCAGG	4161	3490	1348	5.4823
CATAGA	1950	2427	463	5.4596
TGGGAC	4112	3570	1362	5.4569
TTGTTC	3012	4068	1144	5.4453
AACGCG	1597	1667	271	5.4420
GAAAAC	4532	5233	2167	5.4310
CTCCCA	6427	5813	3375	5.4192
TCAGAA	4296	5320	2090	5.4065
AAGTCA	3364	3632	1141	5.4064
TAGCAC	1795	2713	475	5.3925
ACTTCA	3289	4511	1375	5.3919
AACGCC	2083	2055	421	5.3771
CTAATC	1719	1650	287	5.3760
ATGGGC	2865	3158	855	5.3418
TAATTA	1698	2243	377	5.3186
CGGCTA	1312	835	121	5.3102
CTTTTC	5653	5846	2993	5.3037
ATAGAG	2137	2551	528	5.3012
ATGTAC	1485	2174	323	5.2943
ACTGAC	2688	3302	839	5.2922
AACTTC	3429	3859	1231	5.2835
CGATCC	1317	1312	182	5.2832
AACTCA	3110	3639	1059	5.2804
CAGCCA	5679	6354	3261	5.2801
CCATTA	2061	2742	546	5.2748
CCGGCA	3258	3300	1008	5.2540
AGATAC	1909	2635	489	5.2520
ACAACA	2657	4648	1150	5.2433
CCAACG	1654	1862	309	5.2322
AGTCAA	2512	2499	603	5.2270
CCGTCA	1711	1863	319	5.2233
CCGCAA	1913	1437	278	5.2177
TGAGAC	3001	2985	846	5.2135
ATACCT	1935	2375	449	5.2134
CCTGGA	6026	4407	2416	5.2048
TACAAC	1749	2648	452	5.2009
GTCGCC	2769	1458	397	5.2007
ATCCAA	2466	3087	724	5.1990
ACTCCG	2513	1541	382	5.1905
TCACGA	1104	1107	133	5.1883
AGATGG	3728	4446	1529	5.1828
ACATTG	2269	2730	595	5.1728
AGCGGA	2952	2587	726	5.1568
ATCAAT	1950	2303	439	5.1456
CTGGTA	2250	2842	613	5.1453
TTTCAC	3759	4715	1631	5.1412
ACGTCG	949	786	86	5.1369
TAGCGC	1405	1145	170	5.1325
CACGTC	1968	2205	425	5.1288
ACCTGC	4207	4650	1795	5.1206
CATCGA	800	908	84	5.1183
TGGCCC	5103	3171	1492	5.1170
CAACGA	1085	1301	151	5.1070
CCCAGA	6072	4685	2583	5.1047
AGGGTC	3826	2271	820	5.1032
AAGACG	1911	1269	247	5.0921
CTCACG	2206	2572	547	5.0871
GGACCC	4781	2603	1157	5.0845
CGTAAA	1067	1091	127	5.0830
ACCTGG	4692	3626	1567	5.0809
CGGGCA	3509	3754	1224	5.0754
TGACTC	3139	2706	803	5.0744
AAGTGT	3157	3594	1060	5.0711
ACTAGA	2055	1671	341	5.0635
AAGTTC	3047	3155	904	5.0606
CATCAA	2259	3117	671	5.0463
TCGTCC	1832	1377	256	5.0446
TAAGAC	1908	2027	381	5.0364
ACACAA	3321	4728	1449	5.0160
CAGCAG	5948	8422	4490	5.0012
CGAGCA	2044	2823	555	4.9879
AGGCGA	2747	1636	438	4.9863
TCGGAA	1778	1128	207	4.9837
CTTATA	1659	1975	326	4.9835
ACAGCG	2752	3642	940	4.9801
AATCAG	3404	3981	1257	4.9784
AGGCCC	5479	3372	1695	4.9706
CAAAAG	4329	5105	2019	4.9531
CTAAAA	3595	3938	1311	4.9409
TTTAGC	2479	3008	708	4.9243
ACACTA	1887	2059	382	4.9224
CCGGTC	2493	1486	365	4.9219
TATTGA	2059	2379	475	4.9111
AGTATG	1629	2360	378	4.9109
AGGATA	2297	2528	558	4.9069
ACCGAC	1367	1230	176	4.8938
AGTCCG	2011	1074	221	4.8901
TAATCC	2033	2180	432	4.8698
GAAGCC	5104	4215	1966	4.8661
ACAATA	2298	2686	591	4.8657
TTCCCC	6036	5530	3018	4.8558
ATTCCA	3468	3766	1212	4.8448
CGTCAA	1021	690	81	4.8439
CACTAA	2251	2636	569	4.8271
TCGAGC	1395	1200	175	4.8232
CTATCG	610	672	51	4.8091
TACAGA	2935	4527	1231	4.8039
ATGCAG	3283	5414	1631	4.8003
AAGCAA	4053	5531	2045	4.7891
ACCGAG	2324	2116	476	4.7854
ACTACG	918	934	96	4.7776
CTGGCC	5761	3496	1841	4.7516
AGCTCG	2392	2359	542	4.7461
CCATGC	2535	3876	920	4.7365
AAGTCT	3276	3252	995	4.7214
TACGCC	976	839	92	4.7155
CTACTA	1433	1474	216	4.7153
CCCACA	4822	5666	2480	4.7013
TAACTC	2201	2481	525	4.6896
ATGGAA	3547	4504	1471	4.6861
CACATC	2864	4460	1184	4.6827
ATGTCT	2681	3193	806	4.6765
CATCGC	1614	2210	351	4.6530
AAGCTG	4446	5930	2394	4.6488
TACTAC	1306	1710	227	4.6455
ACTTCT	3860	4779	1691	4.6420
CGGGTC	3294	1831	576	4.6408
ACTCAC	2919	3287	899	4.6370
CGCTAC	1263	1357	178	4.6315
CATAGC	1632	2628	417	4.6095
TGCCAC	3592	4559	1506	4.6071
GCCAGC	5437	5315	2619	4.6014
AAGCGT	1620	1770	286	4.5954
GCTGAC	3477	4375	1402	4.5938
AAGCTA	2287	2713	592	4.5845
AACGAA	1487	1561	235	4.5841
ATTCAG	3293	4253	1294	4.5839
AGGCCA	4613	3289	1398	4.5831
CTGATA	2004	3076	588	4.5809
TAGAGC	2425	2568	594	4.5671
AAAGTC	3375	3204	1008	4.5555
ATACTC	1569	1843	288	4.5498
ACTTCC	4794	4089	1793	4.5314
ATCTTG	2633	2974	739	4.5307
TATGAC	1433	1794	258	4.5260
TTCGCC	2159	1371	294	4.5156
ATTTCG	1249	974	130	4.5104
CAATTG	953	1027	107	4.5088
AGCCAA	4301	4498	1770	4.4972
GTGTCC	3567	3458	1144	4.4964
CTCTAA	2875	2848	771	4.4866
AATGCA	3278	4982	1500	4.4711
CAAACG	1778	2171	377	4.4678
TACGTC	811	820	76	4.4642
ATAGAC	1456	1357	202	4.4626
CATGGC	2777	4096	1057	4.4616
CCAATA	2107	2075	424	4.4582
AGGGCC	5187	3860	1829	4.4489
AATCCT	3312	3389	1044	4.4482
CCGTTA	1015	1242	134	4.4451
TTTGAC	2559	2713	658	4.4421
CGGCCA	3656	2591	886	4.4285
CAACGC	1722	2218	373	4.4284
ATTATC	2087	2185	441	4.4226
AGTTCG	1239	851	114	4.4211
TAGACA	2091	1941	395	4.4192
TGAAAC	3297	4406	1339	4.4155
TACTTC	2581	3283	796	4.4092
CATGTA	1767	2651	452	4.4017
CACGGG	2782	3345	871	4.3987
TTGGTC	2696	2356	604	4.3883
AGATGA	3394	4185	1310	4.3745
TCAAAC	2786	3401	886	4.3703
GCAGAC	3534	4197	1366	4.3510
CTACCG	1302	1092	149	4.3390
GACTCC	4036	2422	912	4.3375
CTCTGC	6236	7217	4039	4.3308
CAGCTC	5706	7307	3746	4.3301
TCATCC	3087	3510	1008	4.3291
ATCAGG	2868	3026	814	4.3270
ATACCG	625	752	56	4.3251
ACTAAA	2704	3013	766	4.3223
AATGTG	3362	3877	1205	4.3171
AAGAAC	3393	4046	1267	4.3169
ACTCAT	2358	2846	636	4.3152
CGTTGC	1623	2251	357	4.3140
AGAACT	3576	4315	1419	4.3094
GCTTCC	5843	5518	2912	4.3084
TCACCC	3967	3974	1449	4.3043
AGTCGG	2062	1067	222	4.2967
AATAGT	2141	2313	476	4.2955
AAGATG	3630	4381	1461	4.2910
ACTGTA	2365	3495	776	4.2814
TAGCGA	963	812	87	4.2814
CCGGAC	2765	1572	420	4.2591
AAGTCG	1461	833	129	4.2572
AAAGCA	4932	7214	3204	4.2479
ATATCG	441	506	30	4.2199
AACTGC	3457	4779	1515	4.2178
AAACGT	1855	2278	409	4.2141
TGTCTC	3932	3858	1395	4.2133
TAAACC	2439	2619	606	4.2113
AACCTT	2971	3104	862	4.2099
TGTTTC	4306	5437	2128	4.2047
ACGTTG	1185	1679	202	4.1979
CATGAC	1833	2348	416	4.1927
CAGATC	2693	3302	832	4.1857
CCTTAA	2893	3035	822	4.1835
CCGTGA	1932	2223	415	4.1579
ATCATC	2006	2633	505	4.1561
AGACAC	3447	3666	1168	4.1559
ACCTAT	1616	1710	274	4.1558
CCAAGG	4868	3789	1686	4.1537
CGGTAA	997	1005	108	4.1501
AATGAC	2800	3030	795	4.1480
CAAGTG	3167	3515	1033	4.1409
TAGGAA	3700	3709	1265	4.1313
CGATTA	684	594	49	4.1262
CGTTGA	1050	1054	118	4.1231
TCCGTC	2082	1797	364	4.1186
ATCGGC	1167	1173	143	4.1017
CTGAGC	5130	6344	2936	4.1002
CTGACC	3788	3618	1263	4.0939
ACAGGT	3099	3457	995	4.0932
ATTAAG	2533	3138	746	4.0725
ACGCAC	1901	2159	397	4.0719
ATTAGC	1789	2417	417	4.0682
CAATTC	2589	2698	659	4.0642
AGGTGG	5360	4566	2221	4.0588
CTCTGA	4721	5583	2388	4.0585
CATATA	1793	2089	364	4.0562
ATCACG	1117	1369	158	4.0543
TAGATC	1340	1474	200	4.0506
AAGCGA	1848	1821	329	4.0485
GACAGC	4080	5365	1991	4.0438
ACATCC	2740	3779	962	4.0372
TAAGCA	2612	3837	932	4.0334
ATAGAT	1805	2191	383	4.0286
CACCCA	4760	4529	1962	4.0261
CGACGA	821	570	55	4.0258
GCACCC	4267	4296	1675	4.0255
TAGAGA	3174	2939	870	4.0248
ACGTAG	1023	1188	128	4.0175
GACTAC	1610	1481	238	4.0073
AATGTC	2594	2780	679	4.0072
CTTCAC	3714	4520	1537	4.0004
GTGGCC	4631	3444	1462	3.9989
ATCACT	2526	3590	846	3.9923
CATCAG	2977	4754	1301	3.9919
CCTATA	1468	1552	228	3.9835
ACACGT	1518	2235	331	3.9828
CCCCAC	6417	5440	3144	3.9825
AAGGCG	3293	2293	709	3.9586
CCTACG	1258	1261	163	3.9586
ATGCCA	2703	3611	908	3.9535
CTGCAG	4140	6106	2290	3.9518
AAGCTT	1852	2422	431	3.9501
CACTAC	1772	2371	405	3.9469
GAACGC	2176	2187	456	3.9449
AACGCT	1697	2167	357	3.9433
CATCTA	2039	2415	471	3.9412
GAATTC	1651	1852	300	3.9408
AAAGCT	4007	5430	1978	3.9278
CAAGTA	2082	2683	531	3.9209
TGCATC	2448	4050	921	3.9195
ACTCTA	2034	1739	344	3.9186
ACGTGC	1775	2573	438	3.8973
GAGGGC	5968	5258	2831	3.8810
AGACCA	3117	2894	841	3.8723
TCCATC	3294	4104	1244	3.8711
AGAATG	3682	3957	1338	3.8627
ATCCTA	2093	2104	423	3.8597
AATGGG	3712	3732	1274	3.8596
ATTGTC	2003	1975	382	3.8507
AGACGA	1383	1105	157	3.8491
AGATTC	2827	2513	668	3.8438
AGTAAG	2352	2875	637	3.8421
CTAAGA	2651	2563	640	3.8402
AACACG	1609	2372	369	3.8384
AGCACA	3687	6664	2224	3.8350
TGATCA	1049	1387	150	3.8344
AGAAAC	4615	5177	2167	3.8265
ATACAC	1947	2738	507	3.8187
AGCATA	1860	2932	518	3.8186
AAACTG	4262	5020	1945	3.8051
AAGTTG	3082	3189	913	3.8014
CAAATC	3044	3669	1033	3.7912
TCTAAC	2008	2163	417	3.7891
CAACTA	1797	1925	336	3.7804
AAGCGG	2832	2624	697	3.7782
AGCTAA	2321	3021	659	3.7779
ACAAAG	4100	5611	2087	3.7738
ACTCGG	2271	1505	332	3.7720
ACAGAT	2904	4372	1169	3.7658
AGAACA	3692	5259	1768	3.7646
CAATGA	2791	3232	840	3.7637
TAGGCA	2455	2460	571	3.7584
ATTACG	728	902	73	3.7539
ACGGGC	2395	2537	574	3.7160
GCAAGC	3140	3730	1081	3.7148
AATGGA	3432	3983	1256	3.7073
GAGACC	3994	2713	1002	3.7045
TCATAC	1401	2187	299	3.6992
AGTCGA	911	524	55	3.6876
ATACCA	1739	2402	401	3.6849
CAGCGA	2815	2927	769	3.6753
CGTTAC	887	1471	135	3.6693
GCCTCC	6969	5331	3338	3.6664
ATCCAG	3426	3596	1135	3.6650
ACTGAG	3982	4968	1800	3.6631
TCGATC	613	634	46	3.6511
ATGAGA	3135	4006	1156	3.6496
TGAATC	2394	2781	626	3.6422
ATTCAC	2633	3207	787	3.6385
CAAGTC	2957	2518	697	3.6263
AGAGGA	5900	5751	3054	3.6245
AATCGC	1362	1029	144	3.6212
AAGCAG	4890	6957	3060	3.6193
ACCCAC	3904	3719	1331	3.6166
TTAACC	2229	2339	495	3.6148
AACCGA	1429	1204	174	3.6139
CACTGG	4367	4335	1724	3.6091
CGGTTC	1915	1739	323	3.5990
TCAGTC	3135	3462	1003	3.5956
CTCAGC	5576	7003	3505	3.5901
TACCAA	2035	2553	493	3.5784
AGGAAG	6868	6392	3934	3.5780
AGCGAA	1896	1717	316	3.5776
TATGTC	1559	1928	293	3.5747
AACCCC	3930	3502	1263	3.5727
CTGAAC	3171	4108	1197	3.5720
AGCTGG	5469	5788	2852	3.5719
ATCGTC	796	654	59	3.5702
ACGGAG	2567	3041	729	3.5694
CGAACA	1103	1158	132	3.5599
AGTCCC	4506	3086	1275	3.5542
CAATAG	1880	2250	405	3.5538
AGAGCA	4336	6451	2524	3.5485
TATGGA	1944	2686	495	3.5375
CACAGC	5060	7807	3542	3.5351
ATTCCC	3588	3516	1160	3.5209
AGGGTG	4768	3832	1664	3.5175
ACGGCT	1815	2654	458	3.5100
CAGTGG	4538	4951	2037	3.5000
CAAGCG	2069	1608	322	3.4963
CGCGAA	1555	865	138	3.4904
CTCCTC	6853	6535	4011	3.4827
ATCTCG	1249	1153	147	3.4750
AGATCC	2723	2797	711	3.4618
AAGACA	3853	4204	1479	3.4565
CCTGAC	3916	3418	1228	3.4538
CCACCC	6426	4672	2705	3.4523
TGACCC	3587	2695	895	3.4459
AGGGGA	5956	5278	2831	3.4438
GATACC	1409	1586	221	3.4371
CTACGA	835	836	76	3.4350
CAGCTG	3770	5442	1862	3.4263
CGCAGA	3200	2760	820	3.4254
CGACTC	2013	1042	208	3.4251
TCCGAA	1615	1105	179	3.4243
GCCTAC	2018	1976	382	3.4239
CTAACA	2241	3020	634	3.4223
CTGACG	2175	2096	434	3.4170
ACAAGA	3001	3851	1064	3.4098
AAGTCC	3450	2716	868	3.3997
ATCGAG	924	880	87	3.3948
GCAAAC	3162	4396	1273	3.3929
AAACCA	3978	4993	1804	3.3877
ATAGTC	1303	1256	165	3.3810
AAAAGG	5139	5358	2485	3.3802
CAGCCG	4477	4245	1728	3.3795
ACGACG	877	869	82	3.3745
AGGTGC	3884	4445	1573	3.3736
CTAAAG	2931	3072	835	3.3719
TGATTC	2568	2793	670	3.3485
TCGTGC	1431	2013	280	3.3427
TCGCCA	2057	1274	256	3.3427
ACTTCG	1459	1116	164	3.3418
AGCACG	2034	3694	700	3.3417
CTTACA	2380	3468	767	3.3412
AAGAAG	4833	5353	2337	3.3395
AGTGTA	1986	2671	501	3.3370
CTCCAC	5105	4591	2121	3.3274
TCAGGA	4532	4627	1902	3.3250
ATCTCT	3523	4208	1355	3.3189
CGAGGA	3214	2665	795	3.3170
TGATGC	2197	3862	787	3.3020
TTTGTC	3462	4267	1350	3.2938
ACGCTC	2072	2253	443	3.2916
TTTGCC	3769	4354	1496	3.2897
AGCACC	3798	5451	1877	3.2860
ACCAGC	3836	4413	1542	3.2780
TAAAGC	2942	4292	1158	3.2746
AATGGT	2320	2923	634	3.2730
CATAAG	1649	2393	377	3.2711
CACGCG	2503	2073	490	3.2659
TTTCTC	5968	6065	3250	3.2643
ACCTTC	3517	3567	1151	3.2578
CCTGCA	4955	6431	2866	3.2443
CGTAGC	1255	1421	178	3.2432
ATCTAG	1834	1503	268	3.2409
CTATTC	2024	2227	428	3.2407
TCGAAC	793	631	56	3.2396
TCATTC	3458	3483	1106	3.2358
ACCCTA	2202	1629	344	3.2306
ACTCAG	3855	4288	1506	3.2247
ATTACC	1777	2179	370	3.2231
CACCGA	1998	2351	445	3.2110
ACACGC	2102	2329	463	3.2095
CAAGGC	4145	3891	1470	3.2043
AACAAC	2530	3974	927	3.1994
AAAACG	2432	2413	551	3.1965
CAACTG	2909	3616	969	3.1963
ATCGAT	317	382	17	3.1960
CCGACG	1789	1403	245	3.1936
CGATGC	1207	1883	223	3.1864
ACGTAC	680	1209	87	3.1805
CACAAA	4159	5639	2120	3.1802
AACCCG	2335	1693	377	3.1771
AGATTG	2337	2422	532	3.1760
CCAGCA	5174	6784	3151	3.1695
CAGGCC	5729	3898	2020	3.1655
ATGCAC	2258	3635	761	3.1588
ATCCTG	3607	3966	1307	3.1576
CCCGTA	1091	1296	143	3.1520
TACCCC	2321	1993	438	3.1456
AGGACC	3974	2697	986	3.1453
CTGCTA	2643	3971	966	3.1406
CCACAG	5179	6463	3007	3.1398
CGCGTA	719	630	51	3.1347
CCTTTA	3585	3666	1203	3.1317
GATGGC	2831	3853	1003	3.1308
TAGTTC	2058	2029	397	3.1297
TATACC	1158	1305	152	3.1286
TGTATC	1749	2653	439	3.1273
TCTGCA	4540	6364	2601	3.1231
CAGAAG	5263	6459	3053	3.1213
AAAGAC	3716	3664	1245	3.1137
CTTGAC	2475	1964	459	3.1076
AACGTG	1799	2537	432	3.1070
TACACA	2665	3675	903	3.1053
ACTGAT	2266	3551	746	3.0985
TTACTC	2315	2630	570	3.0967
TCGCAA	1052	834	92	3.0945
CATATC	1466	1977	280	3.0872
AAGGAA	5877	6171	3254	3.0827
ACCGGG	2682	2275	571	3.0775
AAGTAC	1992	2608	489	3.0760
TACCTC	2357	2711	597	3.0750
GATTAC	1454	1859	262	3.0727
ATACGC	625	728	51	3.0686
TCAGGC	4306	3990	1562	3.0569
ATGACT	2397	2875	642	3.0547
CCATCG	1454	1733	245	3.0453
AGAAAG	5940	6177	3291	3.0412
AGGAGC	5660	6161	3130	3.0393
AGCGAG	3103	3007	861	3.0325
ACGCAG	2753	3264	830	3.0316
CGCATA	630	692	49	3.0289
ACTAAG	2147	2036	414	3.0285
CCGATC	1062	1067	116	3.0266
TGGCCA	2529	2069	492	3.0254
CTGTAC	1995	3408	633	3.0246
TAGCTA	859	1013	91	3.0159
AGTTAG	2141	2140	433	3.0152
ACTGGA	3755	3698	1268	3.0126
AATACC	1969	2434	452	3.0066
TATAGA	1665	1954	312	3.0064
ATGTGG	3022	3588	996	2.9999
GCATCC	3139	4043	1161	2.9982
GTAGAC	1458	1174	170	2.9967
ACCTTA	2090	2035	403	2.9938
CACCGG	2753	2582	661	2.9928
CGGTGA	2194	2351	485	2.9886
TTGCAA	1787	2529	427	2.9878
AGCAGG	5466	6539	3206	2.9869
AGGCTG	6202	6202	3447	2.9828
TAAGGC	2341	2525	553	2.9828
CGACAA	946	778	78	2.9761
TACAGC	2561	4795	1123	2.9738
ACTGCT	3518	6138	1951	2.9612
CGTGTC	1787	2111	359	2.9608
ACTCGC	2044	1226	243	2.9493
GGCACC	4223	4650	1779	2.9458
ACTGCG	2628	2449	600	2.9438
CAGTAC	1759	3044	502	2.9405
AACTGG	3576	3350	1097	2.9383
CCAGAA	5038	4873	2215	2.9373
CACATA	2244	2963	619	2.9348
TTACCA	2374	2955	652	2.9338
CGTTTC	2365	2478	548	2.9329
ACATCG	842	1251	108	2.9314
TCCTAA	3098	2994	855	2.9307
TGAGCA	3539	5521	1769	2.9266
CAGAGC	5649	7340	3710	2.9216
AGTAGG	2614	2336	570	2.9143
ACCTCC	4809	4480	1948	2.9132
ACGTTC	1374	1754	234	2.9049
AGCTGC	5209	7131	3328	2.9018
ATAACG	787	1206	98	2.9011
CAGGAC	4573	4153	1721	2.8925
GTGCCC	4276	4818	1864	2.8924
TGGATC	2194	2335	481	2.8910
CGTTAA	981	1325	131	2.8894
GACGAC	1245	814	104	2.8811
TAGTAC	1052	1287	136	2.8740
CATGGA	2712	3725	928	2.8540
AGGAGA	5741	5998	3089	2.8508
CCTCTA	3068	2460	699	2.8464
CCTTGC	4030	4156	1521	2.8446
TCGGCA	1577	1669	254	2.8410
CTTCTA	3136	3328	958	2.8403
ATGGCT	2839	4076	1059	2.8292
CCCCAA	5325	4045	1946	2.8228
GTGCAC	1414	2165	293	2.8148
AATGAG	3717	4314	1457	2.8109
CGATAA	645	734	52	2.8109
CATGAG	2386	3324	733	2.8105
CGTCCA	2033	1216	239	2.8103
AATCCG	1424	916	131	2.8089
CACCAG	4236	4800	1839	2.8054
ACACCC	3638	3433	1141	2.8053
AGGTTG	2909	3025	811	2.7996
ACCCCT	4276	3176	1238	2.7994
AATCCC	3357	3227	993	2.7990
TGGTGC	3210	4630	1352	2.7977
AATTGC	2331	3121	674	2.7974
TTACGC	786	973	80	2.7832
AAAGAG	5201	5469	2558	2.7823
TAAGGA	3125	3396	973	2.7748
AACCGT	1112	1155	129	2.7742
CAGCAC	4329	7472	2900	2.7721
ATTGAG	2356	2311	509	2.7677
CCACAA	3390	3967	1226	2.7654
ACGAAA	1384	1356	184	2.7645
CAATAC	1617	2160	332	2.7613
ATCCGG	1703	1033	173	2.7566
AAAAGC	4728	5992	2547	2.7500
TGTCCC	4533	4430	1816	2.7483
AATCTC	2951	3030	823	2.7323
ATAGTG	1625	1928	299	2.7266
TACGCA	938	1088	104	2.7260
ATGTGC	2415	3700	822	2.7224
CATTAG	2017	2565	484	2.7164
AGGTAG	2719	2572	648	2.7162
CTGTCC	4815	4876	2117	2.7145
CTTTCG	1903	1314	241	2.7093
ATACGA	555	786	48	2.7016
ACGCAA	1346	1333	176	2.7011
CGTGCC	2540	3624	846	2.7003
ACGATC	695	761	57	2.6931
CAGTTA	2471	3468	789	2.6904
CGCTCA	2580	2850	680	2.6848
TTGCCC	3642	3277	1090	2.6771
AGCTTG	3131	3737	1069	2.6743
ACCGTC	1521	1181	176	2.6720
AAAACC	4025	4665	1699	2.6706
TCCGGA	1501	725	110	2.6694
ACACCG	1834	2510	432	2.6688
TTGCCA	3334	3829	1164	2.6664
AGAGCT	4405	5966	2364	2.6616
CTTGCA	3132	4626	1317	2.6596
AATCCA	3127	3732	1066	2.6512
CGTGCA	1867	2930	510	2.6476
GAGGAC	4323	3642	1429	2.6426
AGTCTA	1899	1538	279	2.6420
TCCTAC	2571	2780	661	2.6318
CTTAAG	1514	1619	236	2.6298
AGTTTC	4023	3766	1376	2.6233
CTTGCG	1984	1209	231	2.6177
ACAGGG	4305	4562	1775	2.6154
CTGCAC	4203	6108	2309	2.6046
ATACTG	2020	3134	587	2.5969
ATAGCT	1846	2858	492	2.5950
ACGACT	1100	876	98	2.5894
TCAGCC	4871	5619	2460	2.5830
ATCCGC	1605	1319	205	2.5814
ATCGCG	1107	967	108	2.5795
CAGTAA	2827	4129	1065	2.5703
ATTGCG	964	814	81	2.5666
AATAAC	2673	3487	855	2.5659
AGTACT	1050	1594	164	2.5643
CTAAGC	2323	2305	499	2.5638
ATCCCA	3514	4193	1338	2.5574
ACTTAG	2214	1984	412	2.5520
AGACGC	2599	1538	376	2.5507
CCAAAA	4182	4901	1850	2.5456
TTGGCA	3302	4031	1211	2.5452
TCCACA	3868	4321	1514	2.5430
AGCTCA	3573	5054	1633	2.5406
ATGGCA	2804	4514	1152	2.5235
AAGGAT	3086	3591	1012	2.5232
TACTCA	2164	2610	525	2.5196
TCGGAC	1365	881	120	2.5157
ATCTCA	2924	3837	1024	2.5097
CAGTGA	3998	5507	1984	2.5067
TTAGCA	2552	3678	860	2.5003
CGCAAC	1425	1337	185	2.4976
AGCCAC	4448	4797	1924	2.4916
ATCAGC	2645	4291	1035	2.4892
TCGTAA	736	814	63	2.4867
CAAGGG	4163	3391	1282	2.4800
CGAAAA	1621	1143	180	2.4758
ATCCCT	3457	3811	1198	2.4662
AGTGCC	3409	4432	1370	2.4638
GCTACC	2156	2257	454	2.4631
CCATGA	2544	3076	720	2.4616
ACTCGT	1041	1024	107	2.4610
CCCAAG	4990	3619	1632	2.4544
CTCTCA	4449	4846	1943	2.4374
GTTACC	1909	2249	402	2.4364
AAGGCC	4154	3319	1252	2.4314
ACGGAA	1946	1668	307	2.4273
ACACGA	1181	1710	195	2.4260
TTGTCA	2881	3552	935	2.4244
CCATCC	4094	4535	1677	2.4201
GTGACC	3323	2760	840	2.4150
AGCCGA	2530	2018	475	2.4040
AACTGT	3042	4062	1124	2.3951
ACCAGT	2346	2674	580	2.3923
ACGCAT	1054	1311	136	2.3880
CAGTCA	3384	4189	1286	2.3853
CCTACC	3029	2377	663	2.3788
TGGACC	2848	1701	451	2.3747
CCGTGC	2583	4244	999	2.3715
TCCGAC	1547	1111	167	2.3705
CTAGTA	1348	1147	151	2.3523
CCGAGA	2923	1886	511	2.3482
CCTATC	1878	1803	319	2.3371
TAAGCC	2295	2223	474	2.3304
ACAGTG	3452	5104	1591	2.3271
ATTCCT	4027	4287	1560	2.3267
ATCGGG	1230	1224	147	2.3099
TCACCA	3361	4104	1251	2.3092
CCATCA	2867	4072	1062	2.3084
ACCACG	2009	2215	415	2.3083
TGTAGC	2010	3105	576	2.3033
GAATAC	1699	2216	353	2.3024
CATTCG	1209	889	107	2.3023
AAGCTC	3598	4018	1310	2.3008
CCTAAA	3180	3033	881	2.2984
CGTAAC	761	1216	93	2.2975
ATCCAC	2465	3147	712	2.2924
TAGCCA	2487	2147	495	2.2902
CTAACC	2045	1658	319	2.2901
ACACGG	1870	2767	480	2.2898
ACTCTC	3327	2614	796	2.2859
ACCTGA	3304	3666	1101	2.2845
TAGGAC	2022	1661	316	2.2787
CTATAC	1067	1322	138	2.2730
TTGTCC	3095	3161	893	2.2686
CCGCTA	1445	1187	166	2.2602
CAGGCA	5132	5947	2734	2.2514
CCGTAA	945	1175	110	2.2418
TTCTAC	2587	2893	687	2.2398
TACCTA	1778	1674	281	2.2378
ACTAAC	1667	1898	298	2.2350
AGACAA	3458	4005	1255	2.2340
ATCGCC	1524	1406	205	2.2308
ACGTCC	1734	1628	267	2.2305
ACGAGA	1335	1499	192	2.2243
TACTGC	2186	3923	784	2.2236
TGAGGC	4510	4521	1836	2.2163
TATCCA	2018	2430	455	2.2146
TGCGTC	2124	1579	315	2.2143
AGTGGG	5049	4204	1910	2.2134
ACCCAT	2279	2625	552	2.2131
AATTGG	2553	2291	540	2.2111
TGTACA	1193	2010	228	2.2032
CACTCA	3599	4215	1372	2.1998
CTCCAG	6625	5762	3410	2.1962
ATCACC	2383	3134	685	2.1961
CTTGAA	3401	3741	1154	2.1779
ACGTCT	1504	1486	213	2.1720
TGGGCC	4845	3196	1399	2.1612
GAATGC	2712	3469	858	2.1578
AAACTC	3615	3477	1140	2.1544
ACCGCT	1909	2462	436	2.1512
GGAACC	3914	3000	1066	2.1439
ACATAC	1885	2547	445	2.1424
AGAATC	2929	2777	744	2.1402
TCCCAC	5210	5159	2410	2.1384
ATTTGG	3517	3744	1193	2.1346
CACTGC	4449	6799	2707	2.1346
CTCTAC	2550	2446	574	2.1296
ACACCT	3331	4011	1210	2.1270
AACGTT	761	1059	81	2.1268
ATCAAC	1689	2174	343	2.1238
CCTTAC	2276	2594	544	2.1234
AACACC	2922	4016	1065	2.1222
ACCACC	3467	3653	1148	2.1171
ATTCCG	1474	898	129	2.1152
ACTTAC	1900	2283	403	2.1121
GAGCTC	2519	3271	753	2.1093
ATCGCT	1198	1660	190	2.1057
CGGGTA	1375	1042	139	2.1010
CTATGC	1579	2124	314	2.0987
ATGCCG	1305	1407	176	2.0949
TGTTGC	2632	4214	1007	2.0904
TCCTGC	5581	6371	3177	2.0880
ACCTAC	1967	2122	388	2.0855
ATCTGC	3076	4365	1215	2.0792
AGGTCG	1888	1107	199	2.0779
CTGACA	3486	4875	1532	2.0709
AGATCT	1448	1998	272	2.0676
TTCGAA	634	414	29	2.0639
ACTGCA	3589	5874	1894	2.0624
TTACAC	2182	3170	634	2.0613
CAGGAG	6220	6410	3558	2.0572
CTCGAC	1352	774	103	2.0527
CGTCTA	893	480	45	2.0485
CACGAG	1826	2465	417	2.0429
AAGATC	2211	2579	525	2.0424
AGCTAC	2157	2773	550	2.0409
CAAAGG	4569	5079	2083	2.0406
CGCTTA	1084	1036	110	2.0285
TTCTCA	4559	5056	2069	2.0278
GTACAC	1374	1964	254	2.0262
ACCTAA	2270	2052	431	2.0252
TAGCAA	2467	3254	733	2.0247
CTAAAC	2336	2356	507	2.0245
ATGTCC	2255	2584	536	2.0242
ACTCAA	2675	2683	657	2.0242
AAGCCC	4824	4012	1741	2.0226
CCACAC	4207	4769	1804	2.0224
TAACCC	2236	2168	448	2.0192
AGTTGC	2595	3003	712	2.0188
TCCAGC	5427	5602	2720	2.0168
CGTCTC	2659	2062	505	2.0167
GACACC	3131	3104	884	2.0150
GATAGC	1303	1962	241	2.0148
AGGACA	4105	4512	1667	2.0073
CAGAGA	5550	5969	2961	2.0071
TCTACC	2308	2058	439	2.0001
ACGGTG	1836	2309	393	1.9976
TTTACC	2756	2853	718	1.9953
ACCGAA	1400	1247	167	1.9894
TGGCTC	4554	4345	1779	1.9869
AGGTGA	4130	4491	1669	1.9867
AGAGCC	5119	5241	2403	1.9776
GCTCAC	3452	4562	1420	1.9767
ACCTCA	3455	4213	1314	1.9665
TTCGAC	760	472	38	1.9634
TAGGTC	1798	1339	227	1.9529
AGCTGA	4099	5959	2189	1.9492
CCAGTA	2268	2593	540	1.9492
CACAAG	3081	4131	1151	1.9474
AGTGAG	3936	4428	1569	1.9473
TCGCAC	1410	1427	191	1.9465
TTATCC	2247	2429	502	1.9429
ACTATA	1477	1519	212	1.9371
TGTTAC	2086	3292	628	1.9365
ACTATC	1262	1413	170	1.9302
CACAGA	4593	6593	2707	1.9276
TTCAAC	2459	2738	616	1.9224
ATAAGC	1931	2684	477	1.9221
CTTGGC	4414	3710	1475	1.9172
CTCACA	3766	5238	1772	1.9108
CCACCA	4393	4908	1935	1.9078
CAATGC	2257	3431	706	1.9031
GACTGC	3491	4022	1267	1.8837
CGCATC	1566	1767	259	1.8782
CGTATA	479	625	32	1.8773
ACCCGA	1907	1272	228	1.8761
CGACCA	1465	922	130	1.8741
GTTGCC	2858	2863	745	1.8730
AGTGTC	2850	2875	746	1.8723
AGATAG	2043	2327	438	1.8704
TTGCAC	2534	3916	900	1.8702
TCAATC	1911	1883	334	1.8681
TGCTGC	4787	7971	3401	1.8671
AATGGC	2856	3533	915	1.8624
ATGACC	2004	1918	356	1.8580
GTAGCC	2254	1942	404	1.8577
ATATCC	1717	2129	339	1.8554
TAGTCC	1929	1390	251	1.8551
TCTTCC	6006	5568	2986	1.8459
CAACGG	1460	1822	249	1.8435
CATCTG	3630	4863	1587	1.8419
AGCGTA	796	1181	92	1.8416
AAAGGC	4600	4837	1995	1.8388
CGTCGA	661	408	29	1.8381
CAGGTA	2755	3212	804	1.8372
CTTCGA	1249	927	112	1.8267
CCAACC	3706	3415	1143	1.8266
TCCTCC	6915	6129	3776	1.8251
ACACAT	2950	3857	1029	1.8153
ACGGTC	1333	1090	139	1.8147
CCTCGA	1938	1340	243	1.8146
GCTAGC	1068	811	85	1.8116
AGGGCA	5009	5322	2385	1.8094
AGGCAA	3849	4169	1444	1.8037
CTGATC	2198	2898	582	1.8022
TCTGGC	4586	3740	1542	1.8016
TTCCAC	4109	4396	1623	1.8011
CTACCA	2208	2526	511	1.7941
GTTCAC	2262	2604	539	1.7924
ATTGAC	1665	1594	248	1.7909
ACTCTG	3929	4019	1421	1.7856
ACCCAG	5075	4129	1879	1.7800
TGTGAC	3023	3777	1032	1.7767
ACTGTC	2830	3043	782	1.7755
ATAACC	1862	2189	376	1.7719
AAGGAG	5661	5886	2974	1.7694
CTCATA	1830	2447	412	1.7630
CCTAGC	3117	1702	486	1.7627
ACGAGG	2023	2307	429	1.7622
ACACCA	2930	4286	1133	1.7591
CTTAGC	2367	2448	530	1.7565
CTACTC	2350	1939	419	1.7551
ACAGAG	4602	6179	2541	1.7546
CCACGA	1880	1844	321	1.7533
GTATCC	1564	1735	253	1.7485
CGCACA	2325	2695	572	1.7420
ACACAG	4230	6401	2420	1.7411
ATTGTG	2521	2992	686	1.7331
CACGTA	1066	1678	169	1.7324
CATCTC	3712	4849	1616	1.7318
TCCAGA	4686	4281	1799	1.7303
ATTGCA	2492	3901	880	1.7277
AGACTC	3299	2199	660	1.7236
CTGTGA	4105	5892	2164	1.7198
TCTCAA	3349	3345	1012	1.7169
CTCTTA	2884	3137	820	1.7163
AGGATC	2558	2495	582	1.7086
CAGACC	3913	3740	1317	1.7055
ATAGGA	2337	2717	579	1.7032
ATCTGG	3310	3012	902	1.7016
AGGAAC	3982	4275	1529	1.7007
CCCATC	3971	4321	1541	1.6987
CTTACC	2215	2307	468	1.6984
ATGCTC	2460	3698	824	1.6976
ATGCCC	2871	2926	762	1.6913
TCTAGA	1500	1136	161	1.6911
CCTGTC	4454	3820	1528	1.6904
ACCACA	3189	4736	1358	1.6885
ATTGGA	2537	2389	553	1.6880
TTCGTC	1224	927	109	1.6878
ACGAGC	1498	2060	286	1.6875
CCGATA	543	603	34	1.6819
ACTCCC	4416	3155	1254	1.6812
GTAACC	1826	2037	343	1.6803
ACAGTC	2750	3019	753	1.6754
AAGGCT	4177	4506	1688	1.6672
ATCGTA	518	674	36	1.6664
GTCCAC	2803	1865	478	1.6620
ACCTCT	3949	4053	1438	1.6616
TGGAGC	4885	5142	2246	1.6596
TGCCTC	4997	5203	2324	1.6593
TCGAAA	1124	702	77	1.6558
CCGTTC	1775	2342	382	1.6550
CAGAAC	3677	5277	1739	1.6529
ACCTAG	2246	1223	255	1.6508
ATCAGA	2972	4012	1075	1.6505
ACCATA	1540	2014	287	1.6445
ACACTG	3533	5148	1631	1.6429
TGCACC	3194	4100	1179	1.6373
TGTCCA	3220	3138	913	1.6349
ACGCGT	551	636	36	1.6340
AGTGTG	3536	4216	1340	1.6332
AGCATG	2541	4217	967	1.6320
ACCGGA	1962	1254	229	1.6303
TCCAAA	4331	4629	1796	1.6231
CATCCG	1679	1591	248	1.6203
CGGATA	784	638	50	1.6174
TGCACA	3332	5434	1623	1.6148
TCTTAC	2150	2741	537	1.6125
TAATGC	1858	3016	511	1.6118
CACGAC	1331	1327	166	1.6055
ACAGCA	4038	7429	2675	1.6036
AGGTCA	3340	3074	927	1.6033
ATCTAC	1576	1915	279	1.5955
CTGTCG	1904	1661	292	1.5942
TAGCCC	2462	1823	411	1.5937
CTATCA	1652	2353	357	1.5869
CAACCC	3657	3334	1098	1.5868
ATGAGC	2374	3466	745	1.5863
CTCATC	3090	3888	1082	1.5830
ATGCGA	896	910	79	1.5774
GAGCAC	3279	5187	1525	1.5740
AAATCC	3707	4213	1402	1.5720
AGTAGA	2386	2430	528	1.5715
CCCAAC	3954	3586	1274	1.5558
ATTGCC	2086	2679	509	1.5540
TTCCAA	4303	4458	1718	1.5535
CCTAGG	1998	865	162	1.5507
CTTTAC	2710	3154	773	1.5491
TTGAAC	2291	2464	514	1.5466
TGTCAC	3165	4129	1175	1.5422
AGTGAC	3313	3469	1035	1.5379
GTATAC	511	590	31	1.5376
ATCTTC	3008	3627	983	1.5299
CTGGAA	5505	5543	2721	1.5188
ATTCGC	1122	711	77	1.5149
TAACGC	960	1424	129	1.5131
ATAGGG	1950	1918	343	1.5108
TACGGA	967	1119	103	1.5061
CAATCC	2559	2357	548	1.5061
AGCTTC	4057	4489	1631	1.5060
AAACGC	2195	2274	455	1.5034
TGACCA	2778	2700	679	1.5000
AGTCGC	1863	948	165	1.4933
ACGTAA	992	1280	120	1.4912
ACAGCT	4000	6475	2311	1.4848
CTTACG	933	1068	95	1.4794
CCATAC	1380	2165	275	1.4758
AGACAG	4450	4700	1870	1.4713
GAAATC	3340	3883	1165	1.4682
CTTGCC	3865	3245	1127	1.4665
CCACTA	2127	1866	363	1.4661
AGTCCT	3779	3438	1167	1.4647
CGACTA	686	367	26	1.4601
ATGGGA	3610	4292	1389	1.4595
GATATC	627	897	55	1.4571
AACTCG	1499	1077	151	1.4549
CCGGTA	1035	1028	101	1.4545
AGAGAC	4213	3587	1355	1.4541
CAGTGC	3996	6469	2306	1.4541
AGCGAC	1992	1596	292	1.4525
CGAAGA	1891	1311	229	1.4492
CTGAGA	4849	5355	2317	1.4489
AGACCT	3353	3057	923	1.4482
ACAGGC	4071	4125	1504	1.4441
CCGTAG	1328	1333	165	1.4412
ACCATG	2106	2768	529	1.4393
TGGCAC	3120	4607	1289	1.4391
GAGTCC	3771	2299	782	1.4390
TCTAGC	2277	1740	362	1.4363
CTGTTC	3542	4841	1535	1.4335
AGTCCA	3172	2478	710	1.4330
AGCAAC	3003	4288	1156	1.4312
CCGACA	1607	1454	216	1.4296
AGCATC	2901	4653	1211	1.4290
CAACAG	3261	5017	1465	1.4288
CCACCG	3537	3087	982	1.4220
CACTCG	2073	1654	314	1.4175
TTCACC	3374	3690	1118	1.4168
CCCCTA	3191	1976	571	1.4117
ATGGTG	2509	3623	819	1.4060
AGCAGA	4681	6951	2897	1.4055
TGCGAC	1343	1000	126	1.4043
ACCCTC	4446	3204	1277	1.4041
CTGTAA	3070	4604	1267	1.3993
GACCTC	3625	2877	938	1.3962
TAACGA	783	1029	77	1.3925
CACCAA	3327	4167	1243	1.3913
CTCAAG	3411	3279	1005	1.3839
AGGCAG	6200	6672	3678	1.3794
AGCCTC	5471	4675	2281	1.3770
TGTGCC	3538	5185	1640	1.3765
AGTAAC	2191	2875	570	1.3750
GAGTGC	3064	3879	1067	1.3735
TTCCCA	5841	5613	2919	1.3731
CGAATA	718	564	40	1.3722
CGTTTA	1303	1280	155	1.3547
AAGGTG	3906	4036	1411	1.3508
AAGGGA	5288	5167	2435	1.3449
GCACAC	3259	5005	1459	1.3415
GAGAAC	3585	3939	1265	1.3413
CAAAAC	3963	5200	1840	1.3410
TCGTAC	483	708	34	1.3405
ATTCTC	3320	3209	957	1.3366
AATACG	945	1124	100	1.3358
ATCGAC	545	471	26	1.3322
ACAAGC	2726	3587	879	1.3311
GACATC	2178	2825	556	1.3095
CACGAA	1399	1656	213	1.3077
CACTTA	2491	2790	627	1.3067
GATGAC	2271	2502	514	1.3059
TTTGGC	3427	3896	1196	1.3058
TCGACA	710	530	37	1.2980
AGGTCC	3573	2383	766	1.2977
TTTTGC	3921	5178	1812	1.2924
AGTCTC	3660	2680	881	1.2904
ACGAAG	1628	1733	258	1.2805
TTGACC	2245	1630	333	1.2797
AGTTCC	3677	3259	1074	1.2773
TTGGGC	3538	3263	1035	1.2751
AGGCAC	3850	4694	1614	1.2747
CGAGTA	865	688	57	1.2709
CACACG	2287	3155	650	1.2690
AGGTAC	1766	2282	366	1.2682
GATCGC	1163	1089	118	1.2674
TCCGCA	2577	2077	484	1.2651
AGTCAC	3147	3258	920	1.2598
TTGTGC	2680	4537	1089	1.2595
CAAGGA	4208	4467	1678	1.2583
CACTTC	4348	4819	1869	1.2577
ACGCCT	2300	1612	337	1.2551
CCTTCA	4247	5120	1939	1.2543
TCTTGC	3268	3803	1113	1.2517
TCACGC	1928	2045	358	1.2512
CTAGCA	2258	2317	473	1.2472
AGATCA	2474	3177	707	1.2468
CATACA	2156	3401	660	1.2467
CTTCCA	5188	5487	2534	1.2437
CTCAAA	3844	4178	1435	1.2402
AGCTTA	2107	2841	540	1.2351
CTTGTA	2169	2978	582	1.2258
TGGTCC	3256	2312	677	1.2207
CTTGTC	2973	2982	796	1.2204
CTAGAC	1834	1014	171	1.2193
ATTAGG	2215	2086	418	1.2139
ATTTCC	4698	4835	2024	1.2086
AGACCC	4147	2671	992	1.2062
AACCAA	3368	3797	1144	1.2022
CCTTAG	2833	2222	567	1.2014
CAGACA	4019	5173	1853	1.1896
CCTGAA	4409	4751	1867	1.1895
TCAAGC	2538	2858	652	1.1815
TACATC	1725	2682	418	1.1805
TACCGC	1174	1436	155	1.1767
TTAGAC	1755	1571	251	1.1720
AGTTAC	2118	2832	540	1.1653
AGCCTA	2444	2220	489	1.1619
CCTTGA	3332	2938	877	1.1614
CGAGAA	2121	1596	307	1.1613
CTATGA	1744	2243	354	1.1596
AAGGTC	2836	2373	605	1.1575
TGCTAC	1911	3146	541	1.1547
CAGTCC	4271	3729	1421	1.1392
CTCCAA	4455	4193	1665	1.1386
GATTGC	1837	2394	397	1.1353
ACGATG	1003	1386	128	1.1330
ACCTTG	3021	2840	769	1.1318
AAACGA	1741	1812	286	1.1275
GAAGTC	3446	3232	996	1.1261
AATCGG	1269	895	105	1.1218
AGCAGC	5475	8015	3894	1.1176
CAAAGC	4209	6058	2268	1.1151
TACGAA	821	872	67	1.1109
ACCGTG	1722	2101	327	1.1018
AACCTG	3584	3726	1192	1.0958
CCTCAC	4662	5172	2145	1.0926
ATAGGC	1682	1679	256	1.0903
AACAGG	3753	4244	1420	1.0889
AAGGGT	3346	2870	859	1.0860
CCTAAG	2873	2222	573	1.0855
TTCAGC	3874	5695	1963	1.0793
TATCGA	461	487	22	1.0771
TTAGGC	2157	1950	379	1.0710
ATGGAC	1949	2193	385	1.0672
ATCGGA	979	769	70	1.0621
AGGTTA	2345	2446	515	1.0616
TAGAAC	1996	2187	393	1.0596
GCTAAC	1582	2121	303	1.0591
AGTACC	1665	2002	301	1.0563
CCCAAA	4800	4936	2107	1.0548
AACGGA	1755	1606	255	1.0503
TTGGCC	3830	2851	975	1.0479
ACTATG	1575	1740	248	1.0476
TTGACA	2500	2741	614	1.0467
ATCGAA	768	651	47	1.0449
AACCAC	3027	3742	1011	1.0389
GACCAC	2740	2366	581	1.0384
AATCGA	907	637	54	1.0373
CAAGAG	3919	3970	1386	1.0323
AACCCA	3641	3985	1293	1.0312
AGGCTA	2363	1916	407	1.0311
AGAGAA	5796	5945	3059	1.0302
CACGCA	2383	3241	691	1.0295
CACAGG	4677	5633	2341	1.0242
TTCCTC	6294	6100	3407	1.0225
ACGACC	1228	933	105	1.0169
CGAATC	1159	787	84	1.0156
TGCAAC	2318	3572	740	1.0099
ACTGCC	3829	4808	1638	1.0087
GCCAAC	2705	2940	711	1.0086
AGAGAG	5353	5258	2500	1.0079
TAGTGC	1656	2248	335	1.0079
ATAGCC	1651	1847	275	1.0055
GTCGAC	382	173	7	0.9983
CTTCCC	7024	6317	3935	0.9983
AAGCCT	4102	4027	1470	0.9863
ACCAGA	3325	3597	1066	0.9858
TTGTAC	1623	2587	377	0.9851
CGTACG	262	376	10	0.9832
AGAGGC	5820	4688	2423	0.9831
GTTCCC	4261	4044	1533	0.9809
ACGGAT	1078	1149	113	0.9805
AGTATC	1603	2018	291	0.9683
TATGGC	1483	2227	297	0.9668
AAGACT	3256	3079	894	0.9653
ACGGTA	807	819	61	0.9626
CGTACC	790	1274	92	0.9596
AATGCC	2935	3482	911	0.9545
TACGTA	383	573	21	0.9494
GATTCC	2985	2529	674	0.9488
TACCAC	1813	2487	404	0.9473
AAATCG	1392	1037	131	0.9471
TCAGCA	3908	6485	2250	0.9467
CAGTCG	1800	1163	189	0.9464
CAGTTC	3670	4458	1455	0.9460
GTCTCC	4771	3458	1467	0.9416
CTCAAC	2617	2528	591	0.9396
GATGCC	2784	3235	803	0.9359
CTAGCG	1522	663	92	0.9340
TAACCA	2420	2637	570	0.9287
AGGCTC	4813	3947	1688	0.9284
ACTGGG	4637	3873	1596	0.9241
ACGAAT	973	843	75	0.9225
AAGGCA	4488	5429	2163	0.9190
ACAGAC	3276	4235	1234	0.9181
CGCTAA	1100	1000	100	0.9172
TATGCC	1506	1833	248	0.9130
AAGTGC	3250	4051	1171	0.9066
CCCATA	1938	2441	423	0.9054
TACGAC	537	599	30	0.8944
AAAGGA	5478	5821	2828	0.8937
TACACC	1759	2378	374	0.8847
TGTGTC	3294	3985	1167	0.8845
ACGGCA	1618	2558	370	0.8802
GAGTAC	1411	1825	231	0.8767
CCAACA	3105	4167	1150	0.8714
AACCAG	3664	3790	1234	0.8712
TGAGTC	2932	2543	664	0.8628
AATCGT	944	780	67	0.8626
CAAGCA	3392	5054	1522	0.8594
TTAGCC	2142	1892	362	0.8583
CACCTC	5147	5438	2482	0.8556
AGGGTA	2458	2002	439	0.8551
AGCGTC	2285	1656	338	0.8501
ACGACA	1003	1149	104	0.8466
ATACCC	1621	1668	242	0.8450
CCTCAA	3668	3385	1103	0.8407
ACCAAC	2305	3012	618	0.8400
AACTCC	3766	3342	1118	0.8393
TGCTTC	4246	5827	2194	0.8383
TTGGAC	2377	2025	429	0.8297
CTTTGC	4342	5561	2141	0.8270
AGATCG	1016	949	87	0.8239
ACCACT	2796	3316	824	0.8225
ATGCGG	1438	1617	208	0.8193
CTGCCA	5005	6139	2723	0.8183
TGATCC	2139	2378	453	0.8178
TCTGTC	3888	4578	1579	0.8170
CCAGAG	6087	5035	2716	0.8137
AATGCG	1324	1179	140	0.8128
CATTCC	3741	3898	1294	0.8088
TACCGA	750	839	57	0.8079
GAAACC	3838	3676	1252	0.8074
CAAGCC	3912	3185	1106	0.8073
CTGCAA	4058	5869	2111	0.7993
GAGAGC	4930	5611	2451	0.7864
CTCGAA	1460	972	127	0.7794
TAAGTC	1844	1821	299	0.7775
TTCGCA	1449	1081	140	0.7730
CCAGAC	4129	3083	1129	0.7730
AGAAGC	4803	5464	2325	0.7710
CCATAG	1831	2420	394	0.7708
ATCCGA	1067	846	81	0.7685
CTGGCA	4662	5358	2213	0.7679
TGTTCC	3587	4425	1407	0.7656
CATCCA	3116	4144	1145	0.7655
TCGTCA	1068	930	89	0.7637
CACTCC	4543	3989	1606	0.7618
GGATCC	1876	1425	238	0.7590
CAGCTA	2703	3516	843	0.7575
TTGCTC	3364	4481	1336	0.7540
TCTGCC	5249	5845	2717	0.7520
CCACTC	4601	3586	1462	0.7493
AGAGTC	3206	2229	634	0.7469
AGTTGG	3188	2929	828	0.7455
TCCCAA	4317	4003	1531	0.7426
GGTACC	958	1146	98	0.7361
ACCATC	2208	2778	544	0.7304
AAAGGG	5335	4852	2292	0.7291
TCTGAC	3102	3705	1018	0.7161
AACCTC	3262	3416	987	0.7149
TCGTTC	1286	1444	165	0.7139
ATAGCG	795	1002	71	0.7073
AGAGTG	3664	3520	1142	0.7061
GATCTC	2411	2861	611	0.7026
ACTCCT	3929	3746	1303	0.7021
AGTAGC	2165	2503	480	0.6971
TAGGGA	3281	2513	730	0.6935
TCCACC	4514	4015	1604	0.6908
CCAAAG	4520	4830	1932	0.6884
CCAGGA	6238	4884	2696	0.6881
GTCAAC	1722	1521	232	0.6835
AGTCTG	3508	3653	1134	0.6820
TAACAC	2070	3062	561	0.6815
CCAAAC	3754	4332	1439	0.6809
TCTCAC	3454	4195	1282	0.6759
AACGAG	1497	1849	245	0.6738
CGATAC	513	612	28	0.6706
ATGAGG	3257	3832	1104	0.6662
ACACAC	3471	4537	1393	0.6649
GAACCC	3601	2688	856	0.6594
ACTGGC	3549	2737	859	0.6587
CACGGA	2274	2830	569	0.6568
CGTGGA	2498	2151	475	0.6542
CCTTCC	6979	6272	3872	0.6487
TTGAGC	2549	2996	675	0.6470
ACCCGT	1316	1334	155	0.6414
AGGGAA	5972	5843	3086	0.6361
ACGTAT	799	1164	82	0.6301
CTCGAG	1200	936	99	0.6272
AAGACC	3055	2476	668	0.6247
ACCCAA	3153	3339	930	0.6233
ACTACC	1700	1601	240	0.6216
CCTACA	2504	3351	741	0.6212
ATGTCG	730	701	45	0.6140
AAGTGG	4074	3629	1306	0.6093
CGATGA	1022	1257	113	0.6087
AACGCA	1663	2211	324	0.6035
TCCTTC	5522	5812	2837	0.6026
CCTAAC	2270	2029	406	0.6020
ACTAGG	2242	1145	226	0.6007
AATTCC	3430	3494	1058	0.5973
ACTAGC	1556	1221	167	0.5929
ATGCCT	2831	3471	867	0.5898
AACGTA	967	1402	119	0.5890
TCAGAC	2985	3565	939	0.5881
CTTGGA	4088	3807	1374	0.5841
CACTAG	2034	1398	250	0.5805
CGTATC	633	958	53	0.5791
ACTTGC	2506	2925	646	0.5762
GAAGGC	4988	4905	2161	0.5715
CCAGTC	4044	2734	975	0.5657
TGGAAC	3025	3203	854	0.5616
ACGATA	555	643	31	0.5611
CCCTAA	3028	2374	633	0.5582
ACCGGT	565	511	25	0.5529
AAGGGC	4566	4162	1677	0.5486
AACGAC	1042	1078	98	0.5479
CCCTCA	5012	5258	2327	0.5473
AGACTA	2000	1715	301	0.5459
TACTCC	2225	2138	418	0.5447
AGGCCT	2930	1902	490	0.5441
TTAGTC	1748	1671	256	0.5393
TATCTC	2235	2667	524	0.5363
ATGGTC	1698	1734	258	0.5363
ATTCGG	1193	838	87	0.5352
CTACGC	1248	1139	124	0.5349
CTGTCA	3700	5046	1647	0.5333
CATTGC	2366	3970	827	0.5319
GATAAC	1569	2174	299	0.5304
CACAAC	2576	4060	921	0.5283
AAACCC	3966	4190	1465	0.5215
AGTGGC	3872	3465	1182	0.5198
AAACCT	3801	4134	1385	0.5196
TGGTTC	2955	2947	766	0.5176
CTCGTA	740	1015	65	0.5159
CTTTCC	6325	5926	3310	0.5054
TCCAAC	2816	3054	756	0.5038
AGACCG	1950	1275	217	0.5015
TGAACC	2478	2401	522	0.4995
TCAACC	2204	1960	378	0.4863
GTTAAC	966	1185	99	0.4846
CCAAGA	4101	3518	1270	0.4837
TCATGC	2006	3104	546	0.4832
ATCTCC	3466	4006	1222	0.4821
ACAGCC	4640	6229	2550	0.4815
AAACCG	1860	1529	248	0.4808
TATCCC	2165	2243	425	0.4775
CCAAGC	4220	3905	1451	0.4758
AAGCAC	3352	5385	1590	0.4731
ACCGAT	637	918	50	0.4705
TGTGGC	4044	4529	1613	0.4684
TATCGC	644	784	43	0.4638
ACCAAG	3237	3226	917	0.4558
ACCGTA	719	881	54	0.4509
CCTGAG	5517	5193	2526	0.4477
CAACTC	3155	2995	829	0.4465
CTGGAC	4001	2639	927	0.4464
ACTTGG	3541	3059	951	0.4455
ATACGG	688	957	56	0.4368
AGCAAG	3843	4777	1615	0.4257
CCATAA	1959	2714	464	0.4225
TCTCCA	5486	4990	2412	0.4204
CCCTAG	3337	1403	408	0.4118
ACTAGT	803	608	41	0.4109
AATTCG	1099	687	64	0.4080
CCGTAC	786	1240	83	0.4052
CAGCAA	4129	6355	2311	0.3999
CACTGA	3732	5544	1820	0.3968
CTAGGA	3181	1985	551	0.3961
GTTTCC	4835	4587	1951	0.3911
CGGTAC	809	1208	83	0.3906
CGTGAA	1550	1696	227	0.3889
TCTCGA	1238	885	93	0.3748
TGGTAC	1438	2165	269	0.3714
CTACAG	2825	4155	1028	0.3700
GAACAC	2714	3691	876	0.3650
GCTTAC	1663	2347	338	0.3639
CTTCAG	4707	6209	2573	0.3620
GAATCC	2939	2676	686	0.3580
GTACCC	1726	1787	266	0.3556
CTAGCC	2591	1093	244	0.3532
CTAGTC	1769	942	142	0.3439
ACGCTG	2609	3213	731	0.3427
ACAACC	2436	3022	641	0.3396
GAAAGC	4600	5610	2269	0.3359
GCAACC	2787	2838	689	0.3351
TAGGCC	2300	1329	263	0.3329
CACCAC	3811	5157	1725	0.3317
CTCAGA	4684	5310	2186	0.3296
TGCAGC	4767	7221	3031	0.3192
AAGAGT	3286	3250	932	0.3145
GAACTC	3012	2849	747	0.3096
AAGGAC	3522	3555	1094	0.3087
CTACCC	2922	1975	500	0.3084
AACCAT	2228	2806	542	0.3042
AACGGT	1131	1249	119	0.3014
CAAACC	3506	4329	1328	0.3009
AGAAGG	5533	5666	2757	0.2970
TCGGTC	1595	1140	154	0.2949
CATCGG	1095	1482	137	0.2929
AAGAGC	4010	4903	1723	0.2860
AACCCT	3505	3094	945	0.2836
GAAGAC	3657	3270	1043	0.2811
AGGTTC	2940	2487	634	0.2792
TCACAC	3195	4372	1220	0.2752
GTCACC	3440	3306	991	0.2741
AACGAT	885	1066	78	0.2734
CCCTTA	2723	2511	592	0.2722
CTAGGC	2861	1364	335	0.2712
AGACTG	3760	3751	1231	0.2620
CTAGAG	3120	1881	506	0.2469
ATCGTG	992	1217	100	0.2453
CTCTTC	5517	5364	2598	0.2426
CCATTC	3334	3373	978	0.2422
TAGCTC	2294	2446	483	0.2409
CATTGA	2198	2455	464	0.2371
CATACG	614	957	47	0.2335
CGTTCA	1365	1677	193	0.2334
ATCGCA	998	1227	101	0.2262
ACACTC	2862	2805	694	0.2233
AGCACT	3286	5839	1677	0.2110
ACAAGG	3211	3708	1034	0.2076
CATACC	1415	2002	239	0.2023
TTACCC	2327	2227	443	0.1917
ATTGGG	2725	2217	518	0.1897
CGATTC	1158	825	77	0.1856
CTTCTC	5822	5795	2960	0.1825
AGGGAC	4674	3795	1546	0.1821
CAGACG	2394	1995	407	0.1813
AGTGGA	3779	3485	1143	0.1778
CTATAG	709	884	49	0.1712
ATCCTC	3319	3383	971	0.1627
CACCTA	2457	2230	467	0.1592
AGTACG	716	965	54	0.1569
TCTCTC	5029	4801	2109	0.1552
ACTCGA	1084	727	62	0.1524
TCACTC	3499	3404	1030	0.1509
CTGGTC	3443	2562	758	0.1403
TTCTCC	5893	5730	2958	0.1367
AGAACC	3393	3183	931	0.1349
CGTGTA	988	1361	108	0.1270
TGTACC	1666	2344	328	0.1264
CAACCA	2934	3347	844	0.1237
CATAGG	1757	2205	325	0.1222
TGAAGC	3477	4605	1387	0.1110
AACAGC	3766	5927	1943	0.1023
TCTATC	1804	2054	308	0.0910
CCTCAG	5809	6327	3216	0.0872
CCTAGA	3123	1748	459	0.0796
TAGACC	1547	1026	126	0.0789
CTCCTA	3297	2813	791	0.0775
AGTCAG	3578	3871	1192	0.0765
CGATCG	301	318	5	0.0729
CAAGAC	2848	2495	600	0.0651
CTATCC	1867	1697	259	0.0617
GCATAC	1260	2063	210	0.0569
ACGCTA	879	882	57	0.0552
ACTCCA	3767	3462	1117	0.0540
AAAGCC	4604	5241	2093	0.0528
AGTGCA	2970	4695	1196	0.0496
TCGACC	1049	555	41	0.0468
AGCGTG	2305	3143	609	0.0458
GATCAC	1755	2162	310	0.0417
AGCTAG	2338	1806	345	0.0323
CCCTAC	2927	2561	626	0.0264
ATTCGA	860	541	30	0.0226
CTACAC	2009	2448	401	0.0188
TCCTCA	4816	5248	2182	0.0185
TTTCCC	6406	6048	3371	0.0144
CAACAC	2658	4158	930	0.0130
TACCCA	2491	2489	508	0.0119
CCTTTC	5705	5284	2600	0.0053
