CGGGTAA	648	580	467	  inf
AAAAATTTT	580	472	334	509.9021
CACGTGA	332	322	210	421.3161
CTCATCGC	311	310	198	404.6401
CCGGGTA	364	337	211	381.7600
TAGCCGCC	195	215	142	377.1719
AAATTTTTC	532	453	250	295.6644
CATCTCATC	164	173	107	284.5266
AAAATTTTC	423	360	198	277.4954
GTTACCC	483	464	235	276.1433
CCGGGTAA	232	195	123	275.5999
TTACCCGC	164	178	104	266.0515
CGATGAGC	200	255	124	259.0448
TTAGCCGC	147	147	92	254.5054
AATTTTTCA	575	560	268	248.7731
AGCTCATC	285	320	151	246.0444
GCTCATCGC	119	120	79	244.4811
AAAAAGAAA	1155	996	541	238.4204
ATGAGATGA	168	157	94	236.0450
TATATAA	1799	1643	1016	234.1387
CTCATCTCA	133	132	82	233.6599
AGGGTAA	521	413	214	233.4550
CGCGAAA	343	336	159	224.1311
TTAGCCGCC	91	92	64	223.7814
TTTGCCACC	106	118	71	218.5910
CTCATCGCA	131	137	79	216.6786
ATATATA	1862	1715	1059	213.8060
ACGCGTC	178	183	93	204.0501
CACGTGAC	124	147	76	201.5448
TTTTTTTTC	1482	1435	783	200.4934
TCGGCGGC	127	165	79	199.9370
CGGGTAAC	214	226	105	196.3200
AAAAAAAAA	1750	1693	989	195.5967
AGCTCATCG	124	140	73	193.0645
CACGTGC	238	271	116	192.4228
CGGCGGCTA	77	105	57	189.4279
ATCTCATCG	117	129	68	184.5150
CGCGAAAA	158	153	79	183.3862
AGCCGCCGA	80	95	55	182.9385
AACGCGT	234	252	107	176.2992
ACGCGAAA	140	126	69	173.9652
ATTACCCG	236	160	89	173.1371
TATTTACA	448	385	169	172.2117
CTTACCCG	96	83	53	168.3567
TATATATA	771	761	324	167.7019
TTTTTCAC	778	786	331	165.8319
GAGATGAGC	81	95	51	160.8801
TCTTCATC	505	452	188	159.0852
CCATGGG	227	266	102	158.1637
AAAAAATTT	624	465	212	157.5952
ATATATAA	931	809	370	156.9050
ACCCGGA	309	320	125	156.1590
TATATAC	1395	1403	704	155.7971
TCTCATCGC	100	102	54	153.9146
TATAAATA	695	606	259	153.6075
CGCGTCGC	59	73	42	153.4385
TATATAAA	911	815	364	152.7399
AGTGAAAAA	383	405	151	149.4874
ATAGCCGC	127	132	62	149.3717
CGGTGGCAA	72	59	41	148.5183
TCACGTGC	131	132	62	146.8307
TTTTGCCAC	118	108	56	146.0611
AGATGAGCT	76	96	47	144.9507
TCATCGA	681	792	294	144.8645
AGCCGCCCA	67	73	42	144.7905
AAAAGGG	1192	1134	534	144.5789
AAATTTTCA	333	274	116	144.3317
ATAGCCGCC	76	84	45	143.4408
CGGGTAAA	135	134	62	143.1839
TCTCATCTC	117	109	55	141.7357
CGCGACGCG	33	39	29	140.7822
AGGGTAAC	129	119	58	140.2576
AAAGGGG	528	538	201	140.1184
CCGCCCA	248	329	108	138.2441
TACCCGGA	163	131	64	137.6741
ACGCGAAAA	65	60	38	136.4303
TGACACA	481	438	169	135.4470
TATATACA	708	747	284	134.3851
ACCCGGC	226	298	98	134.3060
AAAAAAAAG	1265	1184	564	133.1731
CCATGGA	386	383	140	132.6847
CCGGGTAAA	77	55	38	132.6325
AAAAATTTC	357	275	115	132.5290
ATATATATA	563	572	211	132.2529
AAAAGAAAC	358	358	130	131.3189
AAATTTCA	725	618	254	129.9611
CACGTGG	165	229	76	129.4863
TAAACGA	648	616	237	129.4096
ATCACGTG	131	104	53	129.1263
CCGGGTGA	83	113	47	128.8294
CTTATATA	456	423	157	126.5258
ATGACTC	388	386	138	126.4856
TCGCGTC	163	201	71	125.9495
AAAATTTCA	359	294	116	125.4935
ATCTCATCT	117	130	54	125.2300
TAGCCGCCC	64	68	37	124.9437
TTTTTCGC	372	351	128	124.3412
TCGGGTAA	170	125	60	123.8949
GCATCGC	317	375	122	123.7984
CCCCTTA	260	277	97	123.7465
TTGGCCA	541	658	218	123.6298
ACATGGA	477	480	170	122.8974
AAAAAAAGA	1041	920	404	120.2720
AACGCGAA	125	117	52	120.1648
TTTTTTCA	1439	1430	697	119.3416
TTGTGTCA	173	164	65	118.2617
TGGACCA	370	461	143	118.0887
CCAAGAA	1111	1216	511	117.6940
CCATGTC	331	391	124	117.0558
AAACGCG	339	316	113	116.5723
TCTTGGC	715	847	296	116.4666
AACAATAG	398	433	143	116.2861
CCCTTAA	444	420	149	116.2116
TAAATAA	1675	1365	750	116.0786
TTGCCGCC	107	139	51	115.6142
TCGCGTCGC	27	31	23	115.4232
TTTAGCCGC	63	69	35	114.7775
AAGGGGC	313	316	108	114.6788
CACCACC	473	646	194	114.5349
TATACGA	540	476	176	114.0549
AAAGAAACG	181	219	72	112.8932
ATGATGA	1199	988	461	112.8650
CCATGGC	290	355	109	112.5343
AAAAGAAAA	1143	924	425	112.5100
CCACCAA	652	753	256	111.4770
CAATGGA	779	674	267	111.4765
CCATCGA	365	464	139	111.3246
TCTTCTTC	795	768	294	111.3155
ACGATGA	711	762	272	110.8238
TAAACAAA	576	555	197	110.2574
TGGACCC	285	363	108	109.8460
TCAATTC	916	808	332	109.6843
CCCCGCG	91	115	44	109.4573
AATAGCCGC	81	80	38	109.2131
TCAACAA	1238	1110	509	108.7101
TTGATCA	707	668	248	108.5717
TTATCAA	1232	989	466	108.2757
TCATCGTC	276	302	97	108.2040
TCATCGCAA	90	95	41	107.9394
CATCATC	937	904	362	107.7187
TCGAACC	312	345	109	107.2286
TTTTTTTCA	907	902	353	107.0007
CAGCAGC	633	848	267	106.9595
TCATCCA	719	692	255	106.8514
ACCATGG	322	356	112	106.3922
ATTTCAT	1367	1074	530	105.3747
ATAAATAA	737	614	239	105.2526
AAAAAGGG	531	470	168	105.2187
TAAATAAA	755	624	245	105.1675
CTATATA	1057	1060	437	105.1113
CCCATGA	287	307	98	104.7020
CCACCAC	438	643	179	104.5967
GCACCAC	329	407	120	104.5587
CTCATCGA	180	204	67	104.5019
ACGCGTA	161	157	58	104.3912
TTCAATTC	398	359	124	104.2912
CCAATCA	534	490	172	104.2269
CCCCTAA	219	222	75	104.0073
ACACCCA	386	389	127	103.8193
AAATGGA	1174	931	427	103.2237
TCATCAA	1244	1085	497	103.0135
TTGACCA	644	681	233	102.9755
CCATTCC	457	508	160	102.9264
CTCGAGA	333	394	118	102.9084
CGGTGGC	266	378	103	102.3963
GCCGCAC	212	234	75	102.3672
CATCTTC	1060	1001	418	102.3041
TCACGTGA	94	62	35	101.6169
TCGTCATC	270	267	88	101.4744
TACCCCA	291	306	97	101.3581
CGCGTCA	167	181	61	101.2300
CAACGCG	178	216	67	101.0912
AATGAAAA	1051	922	391	101.0778
TTATATAA	370	302	108	101.0532
CCCATTC	444	443	145	101.0484
TTCTTTTTC	626	529	195	100.9470
ATAAACAA	586	517	185	100.8522
CAACAAC	910	953	362	100.8150
AACGCGTC	76	93	37	100.7717
AAGATGG	784	727	273	100.2575
TTCATCA	1284	1083	505	100.1939
CTCGAAG	431	520	155	99.8492
ACCCTAA	316	280	96	99.8422
ACATGAA	765	612	240	99.6465
CGCGTAA	223	170	66	99.5053
CGGTTCGA	71	77	34	99.3215
TACATGA	559	483	172	99.2649
ATAAATAAA	359	277	101	98.9752
AACCATT	890	715	292	98.9196
CCATTGC	540	594	190	98.7500
CGCGAAAAA	67	67	32	98.6716
CACTCGGCC	23	25	19	98.6685
AATAAACAA	266	259	85	98.5999
CTTATCAA	232	224	75	98.4851
TTACCCGAA	77	59	32	98.4537
TCTTATC	711	615	229	98.1003
AGTCATC	582	544	188	97.9012
ATGCGATGA	88	93	38	97.7883
AAAAAAGAA	988	884	361	97.7473
ATGATCC	399	401	128	97.6685
TTTTCCA	1679	1543	806	97.0443
AGAATGG	719	648	237	96.2146
TGATCCA	463	440	145	96.1718
AAAAGGGG	194	220	68	95.8364
AACGCGAAA	66	58	30	95.7991
AATGGAT	821	701	271	95.6492
TTTGTGTC	177	178	60	95.4187
ATTACCCT	137	87	42	95.3419
CCATGAC	313	335	102	95.2433
ACGCGTCA	73	67	32	95.0854
CGATGCC	288	389	105	94.8188
CACACAC	333	580	139	94.7680
GATTTAC	622	542	193	94.7452
TTTTGTGTC	77	58	31	94.5273
AGCGATGAG	82	82	35	94.4500
CATGGCC	276	402	104	94.0503
AACACCA	742	785	272	94.0106
AAGAGTCA	218	208	69	93.8344
GCACGTGAC	48	66	28	93.7045
CATGGCA	429	425	135	93.6290
ATAAGGGG	96	101	39	93.6087
ATGATAA	1286	887	430	93.5276
TTCTTGC	1139	1093	460	93.5184
GTTCGATCC	34	30	21	93.4478
TGACTCA	370	341	111	93.4459
GCAGCAGC	230	372	91	93.0818
CTCATCA	799	625	245	93.0573
TGCCATC	551	520	174	92.8578
ATTTCATC	383	338	112	92.5739
CGATGAC	461	534	159	92.5517
CTTTGAA	1317	1264	569	92.1579
AAACGCGT	110	106	41	92.0797
CTCATCAC	169	157	55	92.0708
ATAAACAAA	279	240	81	91.8550
CCATCTC	447	506	151	91.7324
TCGAGAA	629	703	226	91.7309
CAAATGG	740	640	236	91.6658
CTTGGCA	585	727	220	91.3048
CATGTGA	333	290	96	91.1649
ACGCGACG	36	53	24	91.1066
TCTTGCC	620	656	214	91.1039
TTATAAA	1223	994	449	90.9140
TCATGGA	482	522	160	90.8529
AAAAAAGGG	236	207	70	90.7889
AATAATA	1852	1562	871	90.5162
AAGAGTCAT	77	79	33	90.3379
CAAGAAG	1199	1308	542	90.3000
TTTTTCC	2013	1842	1065	90.2242
CTCGTTTA	144	156	51	90.1089
ACGCGACGC	29	32	20	89.8851
TAACCGC	243	217	72	89.8723
ACGCGTAA	87	58	31	89.8669
AATGGGT	538	522	170	89.8487
CAAGAATG	298	281	89	89.7992
CACAAAA	976	870	347	89.7942
TTGTTTAC	329	356	105	89.7350
CAGCAGCA	274	457	108	89.6239
TCCAGAA	735	764	262	89.5446
AAGGGTAA	198	181	61	89.5017
CAATGGC	660	759	243	89.4936
CCAAGAG	586	680	210	89.4812
TCCATTC	662	634	217	89.3796
AAAATTTTA	219	172	62	88.9729
CCTTGGC	385	479	133	88.9529
ATTAGCCGC	56	56	27	88.7275
TCGAACCC	72	108	35	88.5962
AAATGGC	793	761	274	88.5686
TTTGTGAC	170	136	51	88.5625
AAGAAGAA	1098	1046	429	88.4857
CGCCACC	228	332	84	88.4775
AAGCTCATC	100	126	41	88.4201
AACCCTA	330	320	99	88.3955
CAACACC	508	615	180	88.3484
CTACCCG	167	193	58	88.3339
CCAAACA	707	758	253	88.2205
CCAATGG	501	517	161	88.1423
CCGGTTCGA	31	39	21	88.1226
AAGGGTG	430	431	133	88.0917
CCGAAAAA	248	260	78	88.0266
ATGACAC	474	413	137	87.9918
ATGGTTC	528	486	160	87.9883
TTCCAAA	1290	1226	543	87.9258
ACCAAGA	829	986	336	87.8230
CAATTGA	928	773	307	87.8016
CATTTTC	1416	1209	576	87.7699
TTATATAC	479	447	144	87.7580
TCATACC	381	355	112	87.6900
ATTTTTCAT	352	245	89	87.6085
AATTCAT	1122	879	383	87.5912
ATCGATG	483	499	154	87.5425
TTCTTGGC	336	383	109	87.5065
ATGATGG	616	595	198	87.4526
CATATATA	754	705	251	87.3998
AAGGGAT	617	524	183	87.1686
AGATAAG	660	571	201	86.9554
ATGGGTA	471	403	134	86.9042
AGCATGG	343	364	107	86.8749
CGTGCCG	123	175	49	86.7909
CCATTGA	752	761	263	86.7249
CCTCGAG	263	330	89	86.7183
GCGATGCC	79	112	36	86.7041
AAGGGGA	506	556	168	86.6137
CTTCACG	300	374	101	86.4939
CCATGTA	370	351	109	86.4686
CAATTGG	687	617	216	86.3012
TCCAAAA	1182	1080	461	86.1572
CCCATGGC	67	82	31	86.0911
AAGAAGAAG	375	385	115	85.9908
CCCTTTA	587	535	179	85.9068
CCATTTC	840	799	292	85.9025
ATCGAACCG	34	38	21	85.8640
TCGATGC	338	387	109	85.7712
ACCCGCC	194	280	71	85.6040
TTGCCCA	454	533	153	85.5561
AACAATAGA	157	155	51	85.4389
ATGTAAATA	152	115	45	85.3857
AATATATA	877	787	297	85.2736
CCACTCGGC	30	29	19	85.2318
TTCTCCA	846	808	295	85.1347
CATCATG	497	488	153	85.1053
CCACGTGA	71	98	33	85.0959
TCATGAA	658	561	197	85.0244
ATGTGAA	672	590	206	84.9184
GCATGGC	249	292	81	84.8892
CACGAAAA	232	221	69	84.6688
ACCTCATCG	47	66	26	84.6147
ACATATA	1274	1174	517	84.5347
ATGAGCA	572	534	175	84.4186
AAATTTG	1390	1060	510	84.3903
ATGTATA	1165	1079	454	84.3849
AATTTGA	1395	1073	516	84.2390
ACACGAAA	184	179	57	84.1522
CATCGCG	224	246	71	84.1023
AACGTGA	447	400	128	84.0832
TCCATTTC	309	283	88	83.7897
ACCACCA	610	752	225	83.7038
ACGTGGG	191	221	63	83.6780
TTTTTTCGC	181	168	55	83.6450
ACAAGAC	563	744	212	83.6126
AAGGGAA	1077	1008	407	83.5743
ATATAAATA	340	301	95	83.5343
ACCATTG	690	660	224	83.4850
ATGTTGA	784	663	244	83.4332
AGACATG	386	389	116	83.4310
ATATATAC	713	715	241	83.3510
CCATGCA	349	344	103	83.3325
ACGCGTCG	44	54	24	83.3258
TCTTCCA	1078	1032	414	83.2383
ACAATGG	746	736	253	83.2162
CATCGCC	376	480	128	83.1817
CCATCAA	753	738	255	83.1738
CAAGAAC	1001	1127	418	83.1460
TTGAAAC	1052	937	379	83.0711
CACGTGACC	41	59	24	83.0415
TAACCGCC	60	70	28	83.0011
AAGAAAAAA	1048	917	372	82.9539
CATATAAA	443	310	110	82.8976
CTATATAA	339	336	100	82.8725
TTAGGGC	205	232	66	82.8473
TTACCCTC	125	98	39	82.7789
CTTCATCA	405	344	111	82.7565
AATGGCT	674	683	225	82.7504
AATATGA	1090	825	354	82.7387
TGGAAGC	637	592	198	82.6726
TGTTCCA	656	698	224	82.4945
ATATATAAA	418	392	121	82.3488
TACCCGCA	118	97	38	82.3257
TGGCATC	461	490	145	82.2716
ATTACCCGA	48	31	21	82.2625
CATGAAG	517	522	161	82.2330
CCACCAAA	241	272	76	82.2236
CACGTGAA	113	94	37	82.0970
ATATTTA	1578	1208	618	82.0732
ACTCATC	569	500	166	82.0603
AAGAAGG	1259	1190	515	82.0349
CCGTGCA	206	285	72	81.9730
TTCGCGC	172	182	55	81.8748
TCTTCGA	770	817	276	81.8683
CCCTTAAA	183	149	52	81.8667
CCACAAA	573	573	181	81.7496
ATGACTA	508	452	146	81.7249
CCAAGAAG	295	332	92	81.6831
CACCAGC	429	549	148	81.6822
TCATAAA	978	771	312	81.6686
ATTTTTCAC	247	260	75	81.5621
CTTGATC	589	655	200	81.5608
CACCACG	254	407	94	81.3983
TGAAACA	998	826	332	81.3779
ATCATCA	1134	975	410	81.3608
AACAACA	1250	1272	538	81.3115
CCATACA	475	440	138	81.2526
TCATTTC	1044	892	362	81.2431
AGGGTCC	280	368	94	81.1555
CATGTAA	539	419	144	81.0361
CGGCGGTTA	22	29	17	80.9895
TCTTGAA	1316	1388	598	80.9804
ACCACAA	576	625	191	80.8950
CTCAACA	554	559	174	80.8818
CATCACC	570	590	183	80.7872
AAGATGA	1234	1098	476	80.7560
TCAAGGA	714	698	235	80.3522
AATAAAT	1755	1362	736	80.3385
CCATATC	535	480	155	80.3363
CCATGAA	506	502	154	80.2821
ACGGGTAA	115	104	38	80.2814
CCTTATC	499	433	140	80.2760
ATGACAT	664	563	195	80.2421
ATGTCAC	468	395	128	80.1960
CGCCACA	238	275	75	80.1512
TGATGGC	503	539	160	80.1421
TATTCAA	1335	1084	499	80.1066
CCAAGAGA	227	289	75	80.0900
CTATAAA	947	856	327	79.9709
CCCCACA	240	384	88	79.9011
CCCACCA	322	446	111	79.8606
GAAGATC	656	728	228	79.7953
ACTCATCG	143	161	48	79.7798
CTGAAAAA	718	674	230	79.7624
ATGGTGG	460	549	153	79.7377
TACTAAC	511	467	148	79.6855
AAGGGGT	311	350	96	79.6616
ATAATGA	1209	1025	444	79.6218
TCTCCAA	706	695	232	79.6139
AGAGATG	701	700	232	79.6009
TAAACGAA	235	212	66	79.5835
AGATGGA	607	598	191	79.5301
CCCACAC	255	405	93	79.5040
CATACCA	485	465	143	79.3822
GAGTCGAAC	30	45	20	79.2683
TCGTAAA	555	502	162	79.2357
ATGGCCA	417	543	143	79.1863
TCTTACC	554	576	176	79.1824
CAGGGTAA	118	89	36	79.1463
AATGGGA	587	620	191	79.1260
ATGTAAA	1110	860	366	79.1226
TAGCGCC	256	274	77	79.0536
AACCACA	536	613	179	78.9802
TTCAACA	1163	1067	444	78.9618
ATGGCAG	507	506	154	78.9375
TATCAAA	1345	1080	499	78.8770
AAAAGTT	1705	1360	717	78.8441
TCATGGC	359	376	107	78.7969
TTCGCCACC	33	41	20	78.7911
AAATAGCCG	68	54	26	78.7094
TATAAAA	1835	1519	831	78.6643
TAGGGGA	240	247	71	78.6532
TATTTAA	1375	1017	484	78.6344
CGCGTTA	191	181	56	78.5150
CGTGACC	176	232	60	78.5045
TTCATCCA	261	256	75	78.4961
TTATTTACA	151	132	45	78.4575
CGGCGGCAA	49	48	23	78.4533
TTACCCC	244	222	68	78.3693
TCGCGAA	209	203	61	78.2923
TTTGCCGC	145	138	45	78.2197
CCCTAAA	396	361	110	78.2029
AAAGGGT	764	776	262	78.2023
GACAAGC	365	446	118	78.1426
CCACCACC	136	249	55	78.1379
GTCACCC	226	298	75	78.1231
AAAACGCG	130	128	42	78.1169
CCTCATCGC	49	57	24	78.1161
TTGGACC	362	409	112	78.0291
CTTCCAA	989	891	345	77.9974
CGGAATCGA	31	29	18	77.9326
ATTTGTG	794	621	231	77.8928
CCTTCTTC	386	384	112	77.8535
TGTCCCA	329	372	101	77.7864
CAGGGGC	159	241	58	77.7737
CGCGCGA	89	112	35	77.7213
ATGGCAAC	162	164	50	77.6284
AATTCTTG	374	316	99	77.5380
TTCGAACC	110	107	37	77.5349
CATGCAA	489	468	143	77.5169
TCATCCC	371	388	110	77.4613
TGGGTAAC	102	90	34	77.4082
CGCCGCG	128	169	46	77.3820
ATCCAAT	740	603	216	77.3445
TTCTTCTTC	420	390	118	77.3262
ACCACTCGG	29	25	17	77.2820
GATCTAC	363	371	106	77.2535
TCTTCATCA	191	155	52	77.1469
TCGAACCCC	21	27	16	77.0846
TTCTTCA	1659	1593	795	77.0350
GCGCCGC	146	214	53	76.9997
CCGCGGA	139	175	48	76.9338
ACCCAAT	498	506	151	76.9314
CTGTGGC	332	358	99	76.9174
CCAAGGG	319	395	102	76.8762
CCACCAG	404	511	134	76.7110
AAATTTA	1406	988	479	76.6934
TTTGTGTCA	59	66	26	76.6657
AAATGAA	1796	1509	810	76.6455
ATATACAT	625	582	189	76.5844
AAAATGG	1368	1156	530	76.5828
TTCAACAA	513	434	140	76.5516
ATCATGAA	266	223	70	76.4615
CCATACC	358	321	97	76.4473
TCACCAC	483	571	159	76.4473
CCAAGAC	478	683	176	76.4383
AAATCGATG	72	79	29	76.4033
AATTTGT	1237	894	404	76.3710
CCCCTCA	277	228	72	76.3162
CGTATAA	473	404	128	76.3027
TCTATCA	742	622	220	76.2791
CAGCCGC	245	281	75	76.2661
AACTGTGGC	41	36	20	76.2595
TCCATACC	124	114	39	76.1350
AAAATTTTG	241	176	60	76.1290
TCCCTTAA	172	167	51	76.0423
TCTTGATC	277	285	80	75.9573
TGCTGCTGC	104	219	46	75.9138
AAATCCA	977	884	338	75.8597
AAAAGGA	1794	1436	776	75.7939
ATGGGCT	327	368	99	75.7731
TACCACC	508	506	152	75.7596
ATTTCAA	1606	1426	707	75.7265
AAGACCC	345	418	109	75.6817
ACGTGGC	223	286	72	75.6646
ATGATGAA	471	370	121	75.6554
AAAGAAAAA	1047	905	361	75.6500
TTAATCA	798	574	218	75.6408
ATGCATA	504	472	145	75.5949
TCCTCTTC	441	372	117	75.5934
AATCCAT	720	561	201	75.5445
ATCGATGA	243	232	68	75.5321
TCTATAA	893	746	281	75.4387
TTGGCCAA	141	159	46	75.3921
CAAAGGG	541	622	179	75.3898
ATGGTCA	468	480	140	75.3240
ATACCTTC	189	177	54	75.2902
ATGCCAA	643	623	200	75.2862
AACTTTTC	488	406	130	75.2744
CTTGTTC	945	969	352	75.2693
CTGGACC	229	323	77	75.2599
TTACCCGCA	69	59	26	75.2421
CCATCTTC	247	222	67	75.2418
ACATATAT	632	600	193	75.2004
AAGTTTC	1019	830	332	75.1395
AAGAAAGA	935	843	316	75.1300
AAGATGC	657	639	206	75.0824
